99.017
99.017
99.017
99.017
99.017
99.017
99.017
99.017
99.017
99.017
99.017
99.017
99.017
99.017
99.017
99.017
99.017
99.017
99.017
99.017
99.017
99.017
99.017
99.017
99.017
99.017
99.017
99.017
99.017
99.017
99.017
99.017
99.017
99.017
99.017
99.017
99.017
99.017
99.017
99.017
99.017
99.017
99.017
99.017
99.017
99.017
99.017
99.017
99.017
99.017
99.017
99.017
99.017
99.017
99.017
99.017
99.017
99.017
99.017
99.017
99.017
99.017
99.017
99.017
99.017
99.017
99.017
97.747
91.760
83.373
77.364
74.293
72.714
71.121
67.978
64.090
59.889
54.965
51.369
49.193
47.434
48.036
48.843
47.958
48.190
50.257
50.688
48.243
45.911
43.401
40.839
37.970
35.078
32.267
29.248
25.649
22.190
19.674
17.971
16.770
15.154
12.291
8.877
6.166
5.139
5.628
6.320
6.563
6.350
6.046
5.393
5.646
6.050
5.150
6.559
11.051
14.654
16.705
18.520
21.272
24.857
29.465
34.348
38.362
43.691
49.421
53.583
57.942
63.030
66.914
68.744
71.311
75.571
78.336
79.310
80.495
81.625
83.214
86.067
89.866
94.105
97.909
101.598
105.055
108.502
112.329
116.121
120.974
126.868
132.656
137.454
141.388
144.295
145.587
146.180
147.005
148.283
149.446
150.341
150.660
149.662
148.389
147.754
147.373
147.082
146.173
145.286
145.193
146.324
148.127
150.975
154.435
155.506
154.029
153.322
153.639
153.055
151.124
148.771
148.485
149.261
149.127
146.662
142.341
138.472
134.999
131.715
126.726
120.000
113.299
107.335
102.095
97.873
96.804
97.425
95.612
89.926
84.065
78.014
70.284
62.745
55.589
48.642
43.025
38.190
33.132
27.734
22.498
18.510
15.560
13.273
12.150
11.301
11.540
13.617
14.795
15.237
15.294
15.128
14.949
13.877
12.244
11.196
10.856
11.179
12.730
14.952
16.883
18.304
19.518
20.668
20.922
19.273
17.263
17.104
18.242
19.544
20.584
21.729
22.599
22.490
22.298
21.954
23.336
27.888
32.430
34.682
35.829
36.463
35.726
35.513
36.614
39.467
44.976
50.852
55.476
55.935
54.004
55.197
58.814
61.140
61.821
64.851
72.494
80.150
83.859
85.252
85.568
85.083
84.074
84.071
84.901
85.302
85.480
85.443
85.143
84.940
87.563
92.293
95.426
96.692
97.098
97.072
97.739
98.868
100.568
103.704
106.479
108.317
110.136
112.044
113.928
117.010
119.904
120.753
121.313
122.570
125.123
128.003
129.165
131.597
135.962
140.574
143.958
144.988
146.429
149.196
151.324
152.627
154.580
157.473
161.076
164.747
168.337
172.008
175.668
178.330
179.631
180.581
181.242
181.553
181.724
181.907
181.868
182.097
182.529
182.251
181.981
182.641
183.348
183.537
183.368
182.941
183.034
183.310
183.423
183.815
184.358
184.645
184.944
185.418
185.765
185.932
186.141
186.283
185.902
185.921
186.716
186.905
185.919
185.210
185.198
184.755
184.747
184.891
184.114
183.770
184.155
184.758
185.369
185.214
184.745
186.412
188.346
192.249
192.585
192.711
193.266
194.599
196.219
197.346
197.711
198.205
199.645
201.302
203.545
206.096
206.823
207.532
212.432
219.646
226.287
232.591
237.499
243.223
251.830
261.889
272.987
285.030
298.212
311.249
321.669
330.179
338.604
347.236
355.375
362.329
367.247
368.855
369.322
371.746
373.601
373.220
372.354
371.973
373.443
375.385
377.085
380.850
385.150
387.993
388.054
388.610
391.575
393.335
394.667
396.598
399.160
419.852
419.180
418.922
418.906
420.379
424.573
429.537
432.276
431.484
429.211
428.620
427.858
424.777
421.238
418.418
416.014
413.933
412.924
413.990
415.261
415.271
415.393
416.092
416.552
416.240
415.957
416.180
414.431
406.255
404.626
402.730
399.606
396.972
395.681
394.709
394.318
394.524
394.742
395.038
426.303
428.792
432.935
440.088
448.050
454.632
460.005
464.707
469.297
474.727
484.480
498.007
512.204
526.543
540.317
553.483
565.586
575.736
584.321
590.975
594.519
595.889
596.455
596.855
596.707
596.558
597.341
597.378
596.775
596.599
597.287
597.986
598.255
598.797
599.033
599.289
597.953
595.531
596.659
599.803
600.000
600.000
600.000
600.000
600.000
598.542
597.852
597.422
595.704
594.183
594.699
595.769
596.036
594.519
592.664
591.148
589.022
586.962
584.803
582.693
581.069
579.086
574.347
564.655
550.802
535.290
520.435
508.848
501.793
495.955
485.829
471.644
457.697
446.056
437.034
431.594
428.064
423.705
420.453
420.384
421.408
421.927
421.666
419.874
401.553
401.484
400.390
399.462
399.630
400.289
400.774
400.988
400.972
400.921
400.825
399.815
398.393
397.299
396.362
395.126
394.322
393.308
389.670
384.625
381.020
376.827
370.325
362.949
354.371
343.145
333.637
328.222
320.943
310.216
297.195
283.080
268.918
255.824
243.191
230.356
219.641
210.866
204.454
202.755
202.932
177.123
177.564
177.987
178.929
179.882
179.575
177.060
173.991
172.273
173.342
174.777
175.390
176.003
175.838
175.799
176.040
176.293
176.487
176.449
176.002
175.772
175.852
174.460
172.059
172.125
174.229
175.772
176.394
176.459
176.420
175.919
175.461
173.788
170.290
167.085
164.338
161.833
158.381
150.870
139.540
126.901
112.838
97.276
81.219
65.476
50.930
37.080
23.800
12.506
5.877
3.481
4.618
5.914
5.156
4.853
3.573
1.706
1.657
1.947
1.036
0.209
0.000
0.493
1.805
3.454
5.124
5.713
4.093
3.180
5.996
9.804
12.465
14.990
17.722
20.241
21.905
23.205
23.295
22.408
21.890
21.606
21.485
21.214
20.977
21.171
21.214
20.932
21.045
21.797
22.073
21.245
21.252
20.827
19.986
20.692
21.193
21.588
21.471
20.993
20.981
21.155
21.270
21.003
21.142
21.061
20.979
20.978
20.954
21.302
21.139
20.800
19.648
19.064
19.649
19.895
20.234
20.388
20.634
20.911
21.645
22.097
22.067
23.308
23.776
24.299
26.398
28.752
32.158
38.550
47.489
57.553
69.662
81.753
93.135
105.070
117.609
131.376
144.673
155.848
164.561
170.904
177.018
198.531
198.402
197.936
197.377
197.059
197.231
198.196
198.316
196.586
194.609
193.643
193.299
193.021
192.867
193.066
193.676
194.213
194.124
193.909
193.491
192.335
188.116
186.870
186.506
185.269
182.555
179.115
176.488
175.471
175.037
172.890
169.374
167.750
166.885
164.884
163.592
163.396
163.840
164.899
165.582
165.275
163.450
161.486
159.719
159.210
161.367
163.868
165.535
166.601
167.275
167.774
168.025
169.101
170.172
170.103
170.522
170.889
167.877
162.692
159.098
155.008
149.658
147.649
147.860
145.329
138.903
130.209
121.748
114.611
111.201
110.770
109.139
103.776
95.388
85.849
73.991
62.267
54.104
46.964
39.742
34.440
29.628
25.423
22.796
19.037
15.507
14.130
11.900
8.722
6.697
5.461
4.514
3.625
2.771
2.302
3.315
4.225
4.464
6.276
9.521
12.232
12.884
12.749
12.527
11.926
12.920
16.259
20.342
23.519
27.302
32.962
39.262
44.538
47.456
48.716
49.355
49.929
50.896
55.297
62.143
68.268
75.026
83.380
89.876
93.353
96.708
98.828
100.245
102.963
104.344
104.142
103.823
103.551
104.443
106.194
107.282
107.069
107.252
110.358
117.023
124.491
130.624
135.490
140.355
143.558
145.004
147.216
151.089
156.142
160.100
166.551
174.885
180.423
198.431
199.973
201.523
203.275
205.375
207.377
209.051
212.079
216.359
217.723
215.327
213.354
212.082
210.375
208.710
206.941
205.126
203.215
201.403
199.915
199.027
198.379
197.616
196.911
196.927
197.449
197.973
199.087
200.842
201.752
203.234
205.426
206.299
206.581
206.310
206.930
210.385
216.486
224.484
233.331
243.248
255.152
270.400
288.528
306.974
324.848
340.508
354.762
369.077
381.465
390.493
396.077
398.810
399.494
399.739
401.557
403.657
404.685
416.699
419.741
422.518
422.944
425.099
430.363
433.097
432.746
435.224
443.826
453.051
460.295
468.876
480.224
494.750
510.556
526.679
541.743
550.520
552.849
554.093
557.904
565.765
575.659
584.392
589.646
591.881
594.038
595.426
595.126
595.144
595.342
594.968
594.892
594.990
594.375
594.327
594.990
596.179
597.535
597.057
595.606
595.596
595.040
591.558
588.258
585.805
580.546
570.079
555.018
537.929
519.858
501.302
483.061
465.699
450.901
439.473
430.955
425.187
422.904
423.099
422.872
422.286
421.519
420.888
420.390
418.556
402.913
401.806
401.269
401.668
402.378
402.853
402.373
402.631
403.178
403.011
402.801
401.648
401.727
403.710
404.997
414.496
413.815
406.450
406.352
406.553
406.973
407.153
407.034
406.866
406.827
406.751
406.665
406.728
405.982
404.240
403.145
402.235
401.299
401.269
401.029
399.997
398.655
397.710
396.269
394.125
391.452
387.780
383.443
376.910
366.996
355.052
343.476
332.584
320.467
305.120
287.693
270.298
253.433
237.459
223.640
212.677
204.604
201.641
201.014
179.815
180.790
180.189
178.146
176.368
176.716
177.521
176.516
174.621
173.704
173.482
173.012
173.018
173.246
173.310
173.628
173.270
172.029
172.106
171.581
167.748
161.857
155.416
148.839
138.840
124.669
109.318
93.180
76.774
61.079
46.311
32.904
20.982
12.715
8.980
7.254
5.761
6.300
7.966
8.126
7.655
6.638
3.698
1.050
0.561
0.315
0.006
0.570
2.843
5.020
5.842
7.809
11.551
15.210
18.132
20.063
22.360
25.451
29.036
31.712
32.214
32.124
31.977
31.980
32.262
32.486
32.048
29.566
27.716
28.080
29.323
32.666
38.026
44.212
51.587
60.672
69.821
80.915
95.385
111.239
127.441
143.563
158.261
168.985
175.704
199.586
199.549
200.019
200.545
201.868
202.862
203.341
204.140
204.309
204.009
203.929
203.778
203.735
203.987
204.230
204.634
205.299
205.299
205.259
206.087
207.191
208.870
209.606
209.590
209.803
209.376
208.069
205.736
203.146
200.737
199.372
198.490
197.287
182.360
180.670
179.733
180.834
180.077
177.708
178.167
179.365
178.661
177.538
177.787
179.083
179.682
179.803
180.135
180.314
178.665
175.429
174.030
173.896
174.603
176.411
177.718
178.537
200.550
201.204
202.135
204.238
208.265
214.497
222.624
232.619
244.709
259.917
276.840
295.104
315.119
334.468
352.216
367.651
380.617
390.833
396.510
397.902
397.657
398.121
399.986
422.944
428.459
430.986
431.777
431.860
431.547
430.857
430.912
432.178
433.448
434.060
438.845
446.358
454.109
464.695
478.439
494.004
509.325
524.709
540.224
555.233
568.239
579.362
588.660
594.569
597.449
598.855
598.675
596.683
594.918
595.414
596.963
597.785
597.321
596.496
596.488
596.720
596.805
597.499
598.538
598.961
599.121
598.226
597.893
596.970
595.006
593.703
594.412
596.526
597.235
597.908
598.641
597.560
595.631
593.638
591.282
589.482
585.412
575.597
560.790
543.458
524.476
505.008
486.163
468.649
453.340
441.070
431.839
424.244
418.421
415.908
416.210
417.469
417.852
417.254
416.503
415.785
415.601
415.887
415.523
414.201
413.149
406.947
405.815
403.948
402.904
402.605
400.874
398.356
396.196
396.151
397.355
396.802
396.490
397.935
399.130
398.495
396.746
395.332
394.562
394.503
393.969
391.309
386.939
381.952
378.099
374.339
368.634
366.968
367.204
365.020
363.787
363.303
364.274
366.146
367.003
365.293
360.536
355.295
350.271
342.156
331.419
319.059
304.139
287.711
270.800
255.075
240.911
227.659
216.849
210.717
207.742
205.745
204.104
176.961
176.842
175.777
175.442
175.406
174.317
171.875
170.635
169.897
167.962
166.722
167.412
166.933
163.643
159.706
155.745
150.912
144.409
135.387
122.746
108.045
92.861
78.044
64.504
51.772
39.957
29.923
23.491
21.305
18.851
16.521
16.026
15.156
13.689
12.004
11.346
10.496
8.874
7.781
7.361
7.187
7.008
8.209
10.808
12.423
13.000
13.532
13.541
12.911
13.381
14.546
13.745
13.669
14.632
16.520
19.730
21.521
21.558
23.456
29.821
39.262
50.451
62.602
75.158
88.932
104.209
119.691
135.034
149.820
163.196
172.938
178.594
181.055
197.307
197.036
197.199
197.471
197.472
197.626
198.169
198.708
198.742
198.017
197.525
196.287
194.332
193.681
193.953
194.188
194.291
193.939
185.973
186.085
193.472
193.309
194.102
196.080
197.937
200.001
203.589
207.601
210.849
214.056
219.062
227.959
239.349
250.977
264.712
281.650
300.407
319.254
336.929
353.325
367.867
379.780
389.120
395.004
397.146
397.284
397.401
397.754
398.860
400.264
401.340
421.186
425.552
429.381
431.245
432.541
433.560
433.919
434.880
435.883
436.693
440.896
447.411
453.589
462.052
472.541
483.819
497.343
513.695
529.310
543.047
556.849
568.864
578.493
587.678
593.291
594.599
595.748
596.724
597.295
597.649
596.524
595.427
594.965
595.198
594.861
591.637
589.147
588.031
586.049
584.917
584.689
584.104
583.888
582.533
576.800
567.150
553.967
538.356
522.899
506.723
490.374
474.301
458.199
443.329
430.997
421.670
403.966
404.344
403.920
403.225
401.662
399.807
397.963
396.658
397.392
399.208
401.377
403.161
404.152
404.421
404.151
403.993
402.720
401.034
399.935
399.004
399.821
400.834
400.912
400.913
399.792
398.110
396.789
394.712
390.168
383.253
375.070
364.828
352.281
337.781
321.173
303.374
285.061
266.000
247.396
231.120
217.695
207.555
201.560
179.254
178.256
177.799
176.988
175.944
175.532
175.342
175.192
175.214
174.998
174.224
173.274
172.323
171.373
170.501
170.982
172.306
172.943
173.276
172.751
171.162
170.289
171.407
172.451
170.888
167.121
161.711
154.225
146.183
136.726
123.963
109.116
94.087
79.036
64.124
51.343
40.059
29.060
19.077
13.231
13.222
14.878
12.900
9.827
8.308
8.727
10.699
10.465
8.793
7.384
5.974
4.565
3.657
3.619
3.965
4.638
5.088
4.520
3.701
3.110
3.079
4.733
7.748
10.623
12.490
14.908
18.140
24.015
32.593
39.624
44.025
46.848
49.627
52.137
54.348
57.789
63.550
70.419
77.381
86.112
98.249
112.659
127.445
142.265
156.332
168.544
177.348
180.858
198.087
197.624
197.156
196.705
196.705
196.627
196.498
196.768
198.204
198.873
198.472
198.232
197.518
197.178
198.175
198.869
198.164
197.402
196.760
196.059
195.525
195.383
196.015
197.518
200.586
203.368
203.983
203.969
203.081
202.251
204.131
206.707
207.684
207.991
209.427
212.319
213.914
215.178
216.966
217.830
220.027
222.913
224.931
226.199
229.700
236.945
246.391
257.928
271.329
286.953
303.470
320.772
338.123
353.531
367.129
378.827
388.231
394.548
424.315
396.553
397.402
398.130
395.884
394.444
427.029
395.051
426.610
426.755
426.893
427.127
427.133
427.768
428.739
428.844
428.674
428.898
427.564
424.823
422.887
422.277
422.008
421.472
420.996
420.786
420.902
420.693
420.399
420.845
421.412
422.025
423.801
425.585
426.012
427.045
428.568
428.096
428.391
430.274
428.909
425.652
424.316
423.911
423.663
423.259
422.795
422.743
422.512
421.989
421.491
421.333
421.360
421.301
423.584
427.375
429.913
432.485
435.018
434.689
435.351
441.198
449.390
458.686
468.615
478.545
488.474
498.500
511.665
527.419
542.662
557.374
571.389
584.118
591.709
593.739
593.817
594.522
595.533
595.533
596.049
597.058
597.544
597.368
597.841
598.934
598.931
597.761
597.369
598.673
598.949
597.885
595.857
592.817
591.874
592.028
590.214
585.691
580.104
572.998
562.102
548.126
531.499
513.385
494.935
476.696
459.388
444.589
432.639
424.377
420.397
419.130
418.775
418.283
418.005
417.841
417.677
417.498
417.328
404.085
403.805
403.833
404.056
404.818
405.133
404.791
404.761
404.789
404.816
404.370
402.837
400.325
398.127
395.206
390.413
385.254
380.155
372.747
362.733
352.080
339.342
323.544
305.916
287.530
268.950
250.854
233.906
219.509
208.522
201.759
200.132
199.843
180.493
180.619
181.121
180.228
178.624
177.463
177.120
177.172
177.258
176.994
176.772
177.015
177.153
177.233
177.430
177.615
177.741
177.798
177.635
176.985
176.345
176.049
176.001
176.455
177.032
177.345
177.982
177.468
176.058
175.136
173.902
173.261
173.749
174.739
177.844
181.818
183.721
184.042
195.904
196.334
197.489
199.424
201.235
201.194
201.090
202.711
206.022
210.866
215.837
220.809
225.744
232.615
238.525
240.744
244.603
252.820
263.713
275.767
288.207
300.482
312.530
324.803
338.496
350.519
358.341
364.544
370.595
376.634
382.551
387.949
391.493
393.526
427.800
427.128
426.812
428.709
432.499
433.734
432.461
434.901
442.495
449.862
454.674
462.135
472.178
482.055
493.686
506.603
519.697
532.566
545.142
557.402
568.423
577.647
580.257
577.328
577.708
582.015
585.249
587.360
589.780
591.681
593.497
595.293
595.891
594.142
592.303
592.268
592.613
592.921
592.144
589.848
586.893
583.258
576.753
566.820
556.538
548.025
539.346
529.803
520.693
510.675
499.869
488.600
475.988
463.727
453.108
443.785
435.975
429.305
425.367
395.404
393.165
391.126
389.996
389.048
387.509
385.849
384.366
383.923
384.354
384.428
384.202
384.092
384.044
384.042
384.053
384.093
383.978
384.198
383.836
381.878
379.380
376.883
374.012
372.308
371.502
370.339
370.002
370.219
370.291
369.784
370.009
371.230
368.927
362.288
353.369
341.902
327.529
310.358
291.446
272.036
252.714
234.242
218.215
206.187
199.927
179.286
176.852
173.549
171.885
172.962
174.158
174.621
173.030
168.365
161.979
157.199
154.757
149.911
140.789
127.884
111.775
94.809
78.549
62.475
47.027
33.299
21.569
11.914
6.312
4.595
4.540
4.205
3.615
3.711
3.657
3.627
3.808
3.684
2.946
2.745
2.813
2.723
3.581
5.103
5.546
4.862
4.988
5.902
7.781
10.705
13.298
16.661
22.693
28.129
33.516
43.109
55.872
69.331
83.781
100.138
116.881
133.850
150.144
163.967
174.638
181.462
183.871
184.979
193.248
193.099
193.028
192.817
193.052
194.706
195.433
193.803
192.740
192.895
192.985
192.645
192.245
191.675
191.317
191.503
188.325
191.245
191.461
191.628
191.361
191.037
191.039
192.963
196.333
198.948
200.673
203.342
207.924
213.573
222.089
234.373
249.734
268.217
288.407
308.708
328.203
346.605
363.444
377.614
388.324
394.670
397.086
423.672
398.284
399.207
400.214
401.017
422.890
427.804
431.084
432.790
433.343
433.552
434.179
433.855
432.347
431.957
433.413
434.195
434.854
438.823
444.583
450.070
453.478
454.890
458.499
467.020
479.708
492.432
503.283
514.513
527.186
541.486
556.762
570.931
583.077
591.972
596.224
597.183
596.909
595.666
595.032
595.605
596.700
597.734
597.770
596.367
594.662
594.863
595.076
593.865
592.405
590.078
586.435
583.163
579.911
572.953
560.658
547.504
536.496
523.603
508.023
491.562
473.394
455.622
442.331
433.241
426.268
420.996
417.218
416.135
415.026
413.260
406.736
406.364
406.642
406.488
405.896
404.794
404.071
416.195
416.448
416.324
416.157
402.375
401.659
403.332
404.181
403.368
401.181
398.965
397.956
397.352
395.771
391.538
384.171
374.891
363.150
348.518
331.614
312.779
292.719
272.400
252.200
233.272
218.419
209.019
204.475
203.074
202.471
177.893
178.729
178.332
175.931
173.014
171.634
171.863
172.556
173.050
173.149
172.923
172.940
172.911
171.543
169.778
168.789
165.943
160.922
154.561
146.445
136.630
124.490
108.162
88.863
70.031
52.864
38.272
26.421
18.691
13.314
9.920
9.136
7.093
4.322
4.129
5.481
5.123
3.854
3.018
2.314
2.005
2.612
4.192
5.635
7.241
10.029
13.239
16.730
21.652
28.145
36.118
44.622
53.517
64.233
77.770
93.094
108.796
124.611
140.186
154.529
166.496
175.646
199.726
200.255
179.027
199.029
198.059
198.398
198.464
198.822
199.054
197.484
196.048
195.963
195.746
195.095
194.598
194.470
195.601
198.580
200.826
202.323
204.791
208.649
213.643
219.227
226.556
236.356
248.923
264.542
282.119
299.885
317.513
334.283
350.138
365.520
379.525
390.201
396.048
424.077
424.662
425.695
426.191
426.286
427.911
430.834
431.179
430.405
430.519
431.477
432.842
435.418
440.525
447.650
457.762
468.544
479.261
491.850
505.264
519.484
534.237
548.359
562.103
575.125
585.529
589.983
589.884
589.945
590.964
592.244
592.980
593.441
594.503
595.022
594.817
594.607
594.397
594.295
595.053
596.231
597.773
598.827
596.993
593.810
590.982
588.614
587.922
588.859
590.509
591.586
591.662
591.852
590.864
587.554
582.148
572.603
557.526
539.105
519.926
500.079
479.036
459.299
443.316
431.161
422.568
417.693
404.038
404.151
415.983
404.976
403.861
401.815
401.262
401.336
400.746
399.377
397.076
395.141
393.406
391.309
390.575
391.052
390.344
389.639
390.002
391.134
391.359
390.780
390.676
390.791
390.982
390.388
390.209
390.926
390.761
390.291
390.560
391.196
391.392
390.844
390.329
390.369
390.483
390.359
390.383
390.444
390.341
390.246
389.901
389.617
390.072
390.233
390.063
390.050
389.985
390.056
390.390
390.558
390.806
391.112
391.488
391.509
391.136
390.706
390.378
390.563
390.695
390.911
390.748
390.495
390.787
390.765
390.725
390.691
390.415
390.740
391.071
390.833
390.781
390.685
390.693
391.218
391.520
391.496
391.418
391.340
391.262
391.184
391.106
391.033
390.887
390.719
390.568
389.258
388.216
389.027
389.108
388.612
388.997
389.491
390.094
390.203
389.566
389.139
389.152
389.318
389.168
388.739
388.719
388.993
389.286
390.267
390.596
389.967
389.995
390.063
389.814
389.927
389.778
389.397
389.490
389.604
389.432
389.088
388.800
388.732
388.965
389.371
389.951
390.945
390.963
389.781
389.868
390.260
389.990
389.441
389.556
390.747
390.647
389.770
389.833
390.264
390.038
390.059
390.496
390.674
390.458
390.360
391.443
391.655
390.288
388.128
384.831
381.845
379.409
373.786
365.712
357.974
349.712
339.087
324.773
307.324
288.047
268.929
250.838
234.949
221.989
212.430
207.701
206.719
206.517
205.410
175.348
176.745
177.719
178.027
201.247
178.112
178.075
177.989
177.180
176.304
176.083
176.246
176.850
177.213
176.631
175.607
174.593
173.669
172.777
171.884
171.022
171.054
171.691
171.862
171.894
171.972
172.074
172.547
172.297
170.640
169.041
165.800
159.634
152.479
146.190
139.922
132.454
124.027
113.098
98.401
81.510
64.870
49.046
34.735
24.430
17.218
10.544
7.701
7.477
6.122
5.663
6.753
7.842
7.396
4.962
3.053
2.996
4.246
5.815
6.775
7.412
7.626
7.301
8.016
11.192
14.891
17.362
18.953
21.569
25.020
27.717
31.001
36.833
45.131
55.446
67.592
81.315
96.500
111.596
126.031
139.972
152.819
163.511
169.995
172.967
174.783
175.767
176.404
177.215
200.696
199.481
198.942
198.281
197.970
198.228
197.855
197.312
197.279
197.189
197.008
197.172
197.294
197.553
198.156
198.606
197.616
196.201
196.403
196.879
196.061
194.999
194.728
194.535
194.288
194.968
197.316
200.735
204.663
209.355
215.115
221.531
230.301
243.903
260.569
277.239
293.246
309.999
327.936
346.009
362.772
377.121
387.762
393.791
425.443
425.083
425.664
427.365
427.752
427.663
428.365
428.923
429.016
428.760
428.304
429.842
432.735
436.029
441.510
449.478
459.021
469.808
482.580
496.803
510.499
522.968
535.805
549.568
563.395
576.347
586.689
592.324
594.378
595.254
595.582
595.997
596.807
597.944
598.653
597.995
596.912
596.249
595.746
595.799
596.045
594.594
591.887
589.300
586.431
582.239
576.183
566.126
552.114
536.950
520.175
501.565
483.616
466.957
450.491
435.605
423.764
417.787
416.121
405.803
406.735
407.206
407.465
407.370
407.280
407.083
406.633
406.172
404.743
403.341
402.749
401.898
400.925
399.709
397.648
394.734
391.739
388.503
384.600
380.262
375.923
371.585
367.247
362.473
354.084
341.405
326.176
308.424
290.137
272.384
254.619
236.854
219.465
205.740
179.139
179.721
181.496
183.140
182.556
180.565
179.512
179.225
179.579
181.749
183.376
183.035
182.693
182.351
182.009
181.668
181.326
180.984
180.643
180.301
179.959
179.617
179.276
178.934
178.592
178.251
177.924
177.633
177.360
177.110
176.689
175.374
173.539
172.010
170.612
169.213
168.061
168.426
169.052
165.212
154.606
139.619
123.323
106.811
89.461
71.707
55.813
41.690
28.791
18.606
12.681
9.328
7.051
6.040
6.107
6.368
5.809
6.160
7.447
7.106
6.228
6.875
7.280
7.929
9.800
12.494
15.990
19.615
23.693
28.478
34.510
43.745
56.739
71.628
87.431
104.740
122.890
140.820
157.319
169.891
178.287
196.698
196.038
195.843
196.306
196.956
195.969
194.153
194.403
195.119
194.230
193.461
193.495
193.589
193.859
194.261
194.500
195.090
196.344
197.597
197.449
196.567
196.691
196.746
196.295
196.160
196.189
195.335
194.396
195.064
196.603
197.340
197.360
197.424
197.473
197.494
197.189
196.844
196.659
196.417
196.592
197.165
197.575
198.743
200.439
201.895
202.282
201.430
200.678
201.704
206.875
213.604
218.502
222.884
227.185
232.360
239.737
250.682
265.460
282.527
299.781
315.401
330.205
344.821
358.966
370.930
379.178
382.941
383.879
384.207
385.015
386.652
388.181
432.896
433.211
432.893
432.348
431.595
431.254
432.421
435.341
440.467
447.495
455.556
465.040
477.349
491.949
507.739
523.895
540.027
555.890
570.435
582.497
591.254
595.743
596.707
596.206
595.557
596.545
596.870
596.088
596.438
596.885
596.762
597.521
599.034
599.140
597.411
595.376
594.892
594.526
591.803
588.218
583.848
576.035
563.249
545.815
525.756
504.450
483.259
464.239
449.682
438.652
430.552
425.611
423.108
421.531
420.044
419.390
419.136
418.664
417.822
416.606
414.537
405.651
404.835
403.547
401.639
400.343
399.398
398.762
398.356
398.037
397.343
395.174
390.347
383.448
374.753
363.719
350.067
334.099
316.486
298.220
278.989
258.878
239.866
223.505
210.608
202.218
180.292
197.269
196.503
182.826
183.104
182.209
179.789
177.632
177.048
176.448
174.794
172.802
171.308
170.997
172.104
173.372
173.265
173.076
173.411
173.512
173.627
173.811
174.203
174.246
173.311
171.434
169.038
167.747
167.956
168.219
165.791
157.710
145.298
130.666
113.188
94.110
75.482
57.815
41.314
26.550
16.120
11.315
8.827
6.583
5.030
3.644
3.200
3.215
3.171
3.606
3.588
3.052
3.897
6.220
6.964
5.970
7.590
12.206
15.754
17.841
21.313
26.093
32.606
41.461
51.923
64.769
79.320
94.582
110.833
127.795
144.254
158.995
169.782
176.240
179.195
199.174
199.020
199.160
199.739
200.287
200.674
200.515
198.499
196.924
197.606
198.788
200.103
200.456
199.166
198.076
198.098
198.245
197.822
197.246
196.937
197.092
197.301
199.350
202.379
203.867
203.669
203.666
205.665
209.875
215.750
220.314
222.434
224.821
232.186
243.741
259.272
278.322
297.601
316.714
334.651
351.665
367.754
380.831
389.483
393.136
428.164
393.509
428.323
428.381
428.517
429.057
429.060
428.244
428.286
430.060
431.450
430.649
432.038
439.383
447.206
454.579
465.687
479.640
494.466
509.774
525.412
540.692
555.844
570.120
582.485
590.295
593.454
594.273
593.714
592.665
592.043
591.978
593.080
593.916
593.167
592.770
592.728
593.753
593.872
592.826
593.730
594.421
593.408
593.159
593.723
593.084
592.085
592.287
592.839
592.423
590.706
587.378
582.408
574.628
563.802
549.138
530.885
512.063
491.983
471.640
453.626
439.195
428.524
420.964
416.585
415.366
415.877
416.082
415.968
405.024
403.374
402.136
402.147
401.432
400.340
400.110
399.991
399.396
398.009
395.198
390.485
384.130
376.508
365.355
350.840
335.827
320.814
305.801
289.937
272.522
255.291
239.116
224.472
212.905
205.841
202.345
199.649
196.998
184.162
180.016
175.314
173.375
171.986
171.594
171.430
171.265
171.101
170.953
170.890
169.643
167.153
163.813
158.687
152.090
143.841
131.717
115.295
96.958
78.385
60.979
45.241
30.598
19.267
12.372
9.081
7.179
5.523
5.311
5.372
4.525
3.255
2.615
2.883
3.114
2.731
2.280
2.517
3.082
3.157
3.346
3.760
4.095
4.530
6.476
9.364
10.616
11.342
13.041
15.981
21.323
24.952
25.618
27.747
33.276
42.344
52.947
65.033
78.525
92.107
106.293
121.602
136.751
150.332
161.674
169.846
174.153
204.323
204.000
203.557
203.318
203.134
203.166
203.235
202.585
201.889
201.649
201.232
200.736
200.407
200.190
200.439
201.278
201.280
199.722
199.635
200.634
200.010
199.325
199.376
199.172
198.850
198.281
197.020
195.882
195.189
194.597
194.891
183.820
183.023
183.539
184.449
185.847
184.733
180.235
176.454
174.912
172.938
169.927
167.537
165.225
164.110
165.348
167.044
167.288
166.715
165.737
164.677
164.732
165.119
165.383
166.383
167.149
167.248
167.362
167.625
168.314
169.651
170.664
170.415
169.834
169.830
170.264
169.807
168.784
166.777
162.679
160.249
159.394
157.880
156.506
154.851
154.705
156.802
159.171
160.722
158.528
152.409
145.224
137.881
132.002
126.075
118.263
108.933
98.511
90.179
81.836
71.812
62.627
53.775
47.392
43.895
41.291
38.967
36.297
34.391
32.089
29.292
28.155
27.843
27.277
25.094
20.980
17.421
14.677
11.923
9.868
8.791
8.631
8.530
8.104
7.862
6.916
5.234
4.084
3.729
5.822
8.900
9.945
10.512
11.289
11.728
11.799
11.407
12.667
16.025
18.853
22.798
28.866
33.964
37.288
40.879
46.344
54.216
62.563
67.058
68.438
69.854
71.475
74.736
81.498
89.025
93.261
94.993
96.965
100.239
103.395
104.802
106.256
107.884
108.603
109.145
109.687
110.229
110.771
111.313
111.855
112.397
112.939
113.481
114.023
114.565
115.107
115.649
116.191
116.733
117.275
117.863
119.213
120.869
121.534
122.490
125.343
129.219
133.874
139.148
143.888
147.139
149.121
150.893
153.109
156.219
158.468
159.786
161.510
162.536
163.157
164.090
164.816
165.322
165.764
166.054
166.115
165.489
164.736
164.820
165.160
165.395
165.607
165.807
166.042
166.289
166.570
166.840
166.956
166.910
166.914
167.757
170.642
173.720
175.008
175.354
204.220
204.139
204.195
204.750
204.191
203.367
204.058
204.387
203.953
203.652
204.011
204.854
206.042
206.946
206.914
206.794
206.675
206.555
206.436
206.317
206.197
206.078
205.959
206.142
208.128
209.546
208.276
207.396
210.295
216.907
226.066
238.946
255.409
274.472
294.505
314.157
333.115
351.065
367.297
380.278
389.501
394.694
425.305
425.370
424.517
424.135
424.738
426.589
428.839
429.863
429.925
430.302
430.413
429.672
429.292
429.218
427.760
424.638
422.273
422.470
423.324
422.415
421.078
420.744
400.773
400.305
399.807
400.369
399.867
398.683
398.001
397.229
397.044
396.120
394.018
391.868
392.094
392.630
393.220
395.195
396.417
424.710
428.627
434.832
440.963
448.713
458.154
469.238
482.940
498.967
516.267
533.560
550.933
567.532
581.111
590.643
595.229
596.360
596.761
597.064
597.628
597.638
596.846
596.566
595.679
592.065
587.714
583.603
576.765
570.923
567.372
559.554
543.190
522.721
503.831
484.767
467.385
454.587
444.112
434.719
428.117
425.990
424.690
421.179
401.428
401.805
402.072
402.984
404.666
405.409
404.049
402.548
401.893
402.083
402.498
402.379
401.895
400.823
399.864
398.949
398.360
398.430
398.473
397.600
395.612
391.697
386.531
379.961
369.824
355.998
339.608
321.400
301.318
279.986
259.740
241.018
223.908
211.019
203.851
201.517
200.552
198.624
197.040
182.323
197.226
197.305
197.319
197.292
197.239
197.203
197.202
197.202
197.202
197.201
197.201
197.301
197.706
198.079
197.385
183.282
182.267
182.089
182.356
181.410
180.586
181.458
181.525
181.356
182.600
185.258
187.660
192.393
194.107
183.664
181.419
178.508
175.552
172.568
169.142
163.742
155.221
143.199
127.673
109.103
88.719
68.804
50.641
34.831
22.063
13.739
9.351
7.458
6.085
4.686
4.938
5.082
3.816
3.188
3.960
4.888
4.749
4.198
4.477
5.149
5.868
7.285
8.645
8.641
8.789
9.346
9.229
8.343
7.155
5.444
3.953
4.427
6.482
8.279
9.122
9.759
9.817
12.119
14.919
15.622
17.487
19.069
19.033
19.234
22.531
28.922
35.855
41.049
44.770
48.840
52.996
57.266
62.491
68.474
72.593
73.790
73.906
73.725
72.630
71.424
71.178
72.558
75.655
79.638
83.384
87.878
95.359
106.844
121.529
137.407
152.602
164.393
173.397
200.840
200.600
200.759
200.868
200.495
199.960
199.646
199.330
199.077
198.849
198.537
198.179
197.906
197.981
197.355
196.344
196.432
196.996
196.843
196.473
196.791
197.374
197.562
197.574
198.836
200.138
199.627
197.898
196.713
197.673
199.422
200.389
202.719
206.280
207.021
205.929
206.046
207.108
208.914
214.630
224.724
238.191
254.798
271.803
288.205
303.838
320.508
338.698
356.076
371.397
383.917
392.330
396.122
425.602
426.653
426.545
425.901
425.645
425.520
425.480
424.818
424.507
396.102
426.804
427.405
426.722
426.915
427.818
428.192
428.062
427.582
427.025
426.871
428.080
430.907
433.552
436.096
440.424
447.582
457.201
470.206
486.449
503.265
520.061
537.187
554.022
568.871
579.974
587.009
591.789
593.798
593.937
593.549
592.290
591.981
592.613
593.618
595.205
596.173
596.276
596.354
596.213
595.670
594.992
594.323
593.522
592.534
591.931
592.609
592.929
591.581
590.001
587.926
585.126
580.862
573.102
560.102
542.424
522.905
502.319
481.376
462.705
447.165
434.324
425.347
420.049
417.188
416.728
416.912
416.684
417.238
417.895
417.057
416.013
415.275
414.473
414.534
414.852
414.647
414.162
413.944
413.741
413.225
413.211
406.098
405.776
405.541
403.713
401.822
401.779
401.791
401.159
399.888
398.675
398.125
397.631
395.473
391.093
385.329
378.654
371.700
364.077
354.223
341.700
327.251
311.784
295.297
277.804
260.702
244.647
229.424
215.771
205.629
200.051
198.209
197.434
196.759
196.686
196.653
196.559
196.465
196.371
196.277
196.184
196.090
195.996
195.902
195.816
196.461
197.338
197.582
197.689
197.796
181.584
181.188
180.793
180.397
180.002
179.606
179.333
178.613
176.201
175.350
177.821
180.115
179.039
177.177
177.055
176.872
176.399
175.263
174.258
174.089
174.389
176.122
176.865
174.394
172.389
171.304
167.544
161.843
156.153
150.823
143.101
130.159
113.128
94.696
76.667
58.693
41.344
26.934
19.299
16.577
14.050
11.079
8.393
7.422
7.814
7.726
6.749
6.037
6.129
7.059
8.640
9.866
10.483
10.819
10.684
10.840
11.374
11.192
11.328
14.345
18.329
20.600
24.417
29.968
34.612
38.788
44.864
52.818
62.763
75.164
89.316
105.370
122.173
138.852
154.283
166.112
174.016
178.775
199.762
199.636
199.288
198.837
198.444
198.440
198.270
197.754
197.743
198.192
199.063
199.873
199.155
198.133
198.116
197.986
197.709
197.699
197.730
197.831
198.335
198.801
198.920
198.949
199.922
203.117
205.349
205.428
206.527
207.494
207.725
207.691
206.857
206.396
205.592
205.061
206.094
208.962
212.002
213.221
212.979
212.894
212.995
213.412
217.366
220.717
221.607
224.765
228.333
228.793
228.123
230.606
239.088
250.252
263.222
278.643
292.901
306.610
320.542
334.236
348.029
363.041
377.455
388.077
394.003
395.586
424.949
424.009
424.807
425.475
425.705
426.536
427.510
428.050
427.876
427.289
428.350
429.297
429.997
433.923
437.689
440.515
446.244
451.860
455.684
458.782
461.635
465.760
469.014
472.190
478.630
488.829
502.824
519.709
537.044
553.427
568.675
582.108
592.103
595.936
596.570
598.103
598.889
597.937
596.854
596.011
595.807
596.227
595.790
594.690
594.128
594.740
594.967
594.630
594.895
594.939
594.698
593.911
592.362
589.810
586.266
582.844
579.524
575.889
570.757
562.533
549.026
531.706
514.770
498.893
483.713
469.941
458.466
449.846
443.473
438.923
435.820
433.493
430.152
427.960
427.668
426.621
425.225
424.060
423.271
422.179
399.313
399.360
399.826
400.497
400.985
401.069
419.849
400.157
398.811
398.059
397.466
397.381
397.266
397.233
398.172
396.749
390.800
383.610
376.481
367.669
356.121
342.129
327.089
311.996
296.903
281.811
266.718
251.626
236.533
221.504
210.530
205.829
203.409
200.918
198.767
179.585
178.322
177.840
177.647
177.342
176.794
176.169
175.560
175.672
178.007
180.514
180.206
178.540
177.689
176.189
172.678
167.362
160.800
157.240
155.586
150.873
143.335
133.146
120.558
105.702
88.631
71.395
54.933
39.247
25.081
14.410
8.712
7.203
6.588
5.877
6.899
8.699
9.732
10.852
11.714
11.547
11.299
10.075
9.864
11.056
10.958
10.453
10.284
10.324
10.493
10.393
10.200
10.414
9.773
8.047
7.114
7.055
7.287
8.345
10.179
10.365
10.101
10.663
10.620
11.788
11.695
8.119
5.631
5.665
5.825
7.006
11.507
15.702
16.731
17.669
22.082
29.554
37.757
47.617
59.859
72.182
83.284
96.004
110.369
124.068
137.023
148.849
158.988
166.635
171.528
175.010
202.193
201.585
201.048
200.628
200.516
200.638
200.650
200.377
199.632
198.390
197.260
196.433
195.795
195.672
195.686
195.922
195.395
193.835
192.780
192.894
193.015
192.201
191.488
188.495
188.852
190.310
190.000
188.795
186.984
187.020
187.727
187.355
186.288
185.836
184.451
181.078
178.547
177.482
177.510
178.336
179.705
180.816
199.570
200.178
200.753
202.661
205.366
207.239
207.432
208.845
214.395
222.067
230.755
242.247
257.326
275.207
294.051
312.251
329.751
346.838
362.591
376.500
388.013
394.970
425.159
425.338
425.310
395.333
394.664
394.385
428.067
429.431
430.305
430.253
430.193
429.494
428.333
429.663
433.187
437.113
440.804
446.613
455.810
467.328
480.667
495.084
510.633
526.252
541.382
555.967
569.177
579.118
587.429
593.678
595.703
595.569
595.477
595.618
595.293
594.785
595.192
595.913
596.386
596.385
595.813
595.957
596.536
596.930
597.429
597.688
597.626
597.278
596.918
596.868
595.737
594.709
594.627
596.235
598.470
597.147
593.796
592.926
593.394
593.084
593.071
593.324
591.523
587.128
583.645
582.477
579.668
572.006
558.480
539.167
517.445
494.909
474.223
458.525
447.406
438.209
430.575
426.169
425.026
425.323
424.904
424.271
423.560
422.031
398.342
397.526
397.692
397.647
397.518
396.963
396.349
395.735
395.013
394.690
394.529
392.503
387.166
380.284
372.567
363.025
352.877
340.306
324.315
306.882
288.443
269.789
251.208
233.274
218.107
206.827
199.969
197.602
197.292
197.075
182.480
181.800
181.120
180.439
179.780
179.496
179.083
178.100
177.025
175.887
175.869
177.123
178.417
178.607
177.881
177.694
177.693
177.435
177.563
178.421
178.800
176.691
173.587
171.518
169.163
164.280
156.691
147.511
134.685
117.599
99.213
81.279
63.682
46.299
30.619
18.724
11.096
7.799
6.903
7.163
8.383
9.472
10.083
10.554
10.836
9.269
7.435
7.314
7.384
7.188
6.980
6.625
6.607
6.818
6.897
6.779
6.791
7.098
7.869
8.807
8.529
8.248
9.573
12.274
16.415
20.462
23.838
26.824
29.301
32.536
37.429
43.904
52.663
64.110
76.543
90.161
105.757
122.525
139.710
154.765
166.091
174.092
200.676
200.610
201.077
201.365
201.584
202.116
202.608
201.766
200.209
199.387
199.193
198.975
198.742
198.682
198.753
199.322
199.907
199.849
199.969
199.084
198.645
199.468
199.735
199.888
199.892
199.106
199.222
201.665
204.219
207.267
211.527
217.224
225.060
235.919
251.025
269.324
288.355
306.708
324.593
342.040
358.207
372.574
385.089
393.632
396.045
395.891
395.822
396.024
395.763
394.714
394.265
394.065
394.260
394.502
395.021
426.672
427.062
427.350
427.634
427.766
427.827
427.923
428.017
393.468
393.299
427.856
427.500
427.439
427.331
427.338
427.411
427.493
427.219
426.534
425.802
425.070
424.339
423.607
422.875
422.202
421.259
420.972
424.463
429.824
434.910
441.274
446.521
450.583
459.054
471.695
485.870
501.817
517.618
532.717
548.149
563.191
577.150
588.647
594.972
597.074
597.584
598.104
598.839
599.374
599.427
599.768
600.000
600.000
600.000
600.000
600.000
599.331
596.132
592.840
589.223
585.325
580.773
573.369
561.536
545.843
527.701
508.750
489.093
470.163
454.670
443.091
435.311
429.839
425.157
421.220
419.625
418.826
415.873
412.421
407.870
406.098
405.263
405.560
406.021
406.498
407.363
408.296
408.554
408.249
407.885
407.745
407.666
407.587
407.246
406.632
406.570
406.954
405.470
403.328
402.933
402.797
402.486
401.773
399.611
397.864
397.606
397.595
397.583
397.571
397.559
397.548
397.536
397.524
397.512
397.762
398.047
398.181
398.382
398.451
398.828
399.421
399.514
399.597
400.698
400.744
400.163
400.824
401.063
400.698
400.218
399.737
399.257
398.777
398.297
397.817
397.315
398.642
399.640
397.797
394.817
391.752
388.317
384.036
377.933
369.294
358.169
343.783
327.646
311.330
295.015
278.700
263.083
251.654
244.180
237.173
230.165
223.157
216.149
209.141
202.261
180.375
179.573
179.027
179.836
178.477
176.481
175.909
176.487
178.138
178.729
178.530
178.398
177.911
177.719
177.586
177.260
176.884
176.723
176.840
176.922
176.922
177.041
177.238
177.320
177.183
177.019
176.956
176.820
176.689
177.098
178.420
179.615
180.002
180.042
179.999
180.217
180.485
180.354
180.334
180.195
180.448
179.774
176.893
174.806
174.591
173.963
168.138
157.189
144.351
128.895
110.846
91.899
72.953
55.310
40.025
26.659
17.319
13.423
11.750
10.498
8.898
6.604
5.222
5.105
4.935
4.714
5.013
5.110
5.502
6.788
8.334
9.414
10.111
9.727
8.439
8.449
10.163
12.819
15.857
19.420
22.835
26.338
34.049
45.309
56.970
69.662
83.790
99.540
115.664
130.437
143.383
154.905
164.319
170.009
172.854
174.868
175.537
175.551
176.695
177.298
177.339
177.791
178.644
179.249
179.223
180.158
181.680
183.007
196.711
182.005
181.999
181.678
181.182
181.258
181.260
181.795
183.069
183.922
183.143
182.499
183.091
184.159
194.134
193.258
193.892
194.717
195.264
196.841
199.325
202.041
206.000
209.208
211.226
217.121
226.766
239.472
255.513
273.374
291.701
310.451
328.367
344.529
359.584
373.095
383.327
390.263
394.385
396.226
397.300
423.888
425.222
426.169
395.830
396.664
397.054
397.424
397.861
397.977
398.112
398.083
424.082
424.994
425.676
425.714
425.219
424.208
423.176
424.392
424.521
426.633
431.312
433.060
434.250
435.765
440.611
448.691
457.233
466.742
478.114
491.644
507.515
524.041
540.253
556.952
571.726
582.529
589.673
592.023
592.673
593.262
593.988
595.664
595.679
595.236
595.228
594.805
593.933
592.000
590.925
591.880
592.720
593.224
593.946
594.630
596.168
597.977
598.978
599.268
598.504
596.359
593.227
589.607
584.563
576.302
565.743
554.348
541.304
526.454
510.420
496.927
486.605
474.880
462.142
450.476
440.564
433.439
428.881
425.811
423.512
421.412
420.312
420.790
421.278
421.449
419.958
402.929
402.538
402.506
402.852
402.949
402.196
400.549
398.658
396.767
394.876
392.986
391.153
389.494
387.264
382.656
374.403
363.158
349.212
332.738
315.270
297.924
282.070
267.491
252.947
238.403
223.859
211.940
205.585
202.115
198.589
183.738
182.441
180.836
180.406
180.782
181.036
181.030
181.289
180.942
179.041
177.180
176.062
176.196
177.111
177.143
176.410
175.705
176.136
175.770
173.034
170.453
168.626
166.733
164.894
163.659
163.419
164.397
165.011
164.570
163.975
160.525
154.572
145.811
133.541
120.656
107.554
91.953
74.269
57.047
41.252
27.579
16.030
8.984
6.927
6.409
5.374
4.934
4.134
3.112
4.028
5.200
5.531
6.104
7.157
8.294
10.444
11.977
10.856
9.360
12.713
18.095
20.184
21.642
24.331
27.902
34.068
41.525
50.186
60.990
73.308
86.880
101.101
116.761
132.360
146.230
157.439
165.733
171.176
174.605
176.300
176.716
176.931
177.132
177.334
177.536
178.001
179.380
198.756
198.572
198.628
198.683
198.919
198.976
198.520
197.883
197.391
197.293
197.458
197.540
197.729
197.968
198.092
198.172
198.024
198.032
198.501
197.328
195.253
194.647
194.661
194.560
194.243
194.004
193.805
193.801
183.916
182.387
182.363
184.856
194.090
196.555
199.475
201.396
203.674
207.906
213.353
220.477
229.844
240.177
252.100
266.514
283.066
300.487
317.339
333.460
348.717
362.939
376.031
387.428
395.174
398.462
400.588
399.963
397.928
423.752
424.538
425.191
425.114
424.778
425.297
425.985
426.670
427.043
427.149
427.431
428.205
428.863
428.549
428.299
429.697
431.030
431.492
434.919
440.129
446.721
455.524
465.141
475.876
488.526
502.766
517.595
532.987
547.705
561.625
573.725
582.997
589.112
591.608
591.032
589.884
590.060
590.600
590.984
591.395
591.806
592.191
592.415
592.696
592.736
591.129
587.116
583.391
579.521
572.773
563.826
552.765
540.024
526.293
511.426
495.439
479.372
465.309
453.837
444.142
435.695
429.140
425.584
424.501
423.711
398.298
398.218
398.054
397.624
398.026
398.192
397.361
396.987
397.328
397.799
397.433
395.957
394.779
394.065
393.809
394.069
394.186
394.242
394.299
394.353
394.416
394.546
394.693
394.802
394.911
395.021
395.130
395.239
395.349
395.458
395.568
395.677
395.863
396.005
395.859
395.530
395.184
394.923
394.726
394.623
394.683
395.064
395.325
395.154
394.946
394.743
394.670
394.408
394.525
394.585
394.278
395.106
395.404
395.462
396.328
396.614
396.741
396.924
396.723
396.429
396.254
395.728
394.997
394.434
393.916
390.605
383.467
374.531
363.558
349.774
333.124
314.250
294.287
274.334
255.196
237.581
222.089
209.593
201.721
199.104
198.310
181.739
181.369
181.542
179.360
177.420
177.248
177.710
178.034
178.030
177.781
177.359
176.704
176.235
175.291
171.555
163.037
152.070
132.054
107.540
89.394
72.808
55.990
39.939
26.044
15.698
9.841
9.707
11.375
10.776
10.165
9.585
8.738
8.406
8.912
9.049
8.522
10.997
16.397
29.347
50.175
70.739
87.669
101.537
115.012
133.016
154.177
165.651
167.266
166.934
167.063
168.102
169.731
171.704
173.202
174.022
174.070
173.534
173.543
174.048
174.504
175.433
177.165
201.285
201.874
201.469
200.482
200.057
199.760
199.393
199.139
199.114
199.021
198.686
197.937
197.340
197.158
196.824
195.751
195.195
183.092
182.247
182.115
182.380
183.087
183.593
196.000
195.957
195.943
195.942
195.973
195.810
183.756
183.439
183.373
183.499
183.342
183.066
183.324
183.767
184.001
185.027
193.670
193.593
193.899
194.393
195.883
198.608
200.715
201.746
203.355
205.932
210.208
216.241
224.153
234.709
248.574
265.170
282.852
301.326
319.358
336.039
350.694
363.445
374.835
384.245
391.040
394.893
397.380
399.411
420.973
421.658
423.472
423.302
422.276
421.782
399.733
399.854
400.088
400.114
400.123
399.879
399.145
398.671
399.279
400.822
401.877
402.246
402.759
402.942
402.807
403.046
403.279
403.546
403.660
403.659
403.826
404.197
404.589
405.101
405.464
405.144
405.348
405.455
404.105
402.320
402.287
402.716
419.301
420.212
420.747
421.257
422.300
423.605
425.109
427.211
429.452
430.063
431.213
437.418
446.121
455.263
466.430
479.001
491.744
504.487
517.230
529.996
543.449
556.670
568.256
577.496
585.480
593.095
597.654
598.909
596.998
594.617
595.274
596.734
596.713
595.390
595.538
595.886
597.591
600.000
600.000
599.833
599.131
598.397
597.664
596.941
595.993
594.304
595.036
595.544
592.949
590.153
585.966
580.132
572.679
562.957
550.767
535.692
518.762
501.167
483.685
468.577
457.159
448.604
441.462
436.266
433.805
431.740
429.404
427.616
425.454
423.866
423.159
422.059
419.407
403.077
402.591
402.787
402.659
401.167
399.024
397.514
396.848
396.772
396.535
395.820
394.382
391.637
387.832
383.255
377.501
370.405
361.156
349.240
335.810
321.261
303.615
283.635
263.610
244.704
229.150
216.007
204.477
198.267
197.761
199.221
199.860
199.194
198.011
197.525
198.162
180.241
179.998
180.147
179.788
178.726
178.066
179.180
180.818
180.495
179.430
179.031
179.119
178.562
176.688
173.204
169.967
167.036
162.065
156.538
149.894
140.985
129.037
113.126
94.641
75.641
57.535
40.877
26.465
15.828
9.630
6.626
5.602
5.516
6.278
7.039
6.761
5.403
4.472
4.676
4.903
5.561
6.025
5.951
5.824
6.092
6.325
5.800
5.389
5.533
5.815
6.097
6.377
6.713
6.749
6.289
5.426
4.871
4.900
5.441
6.261
7.024
7.787
8.503
9.044
9.493
9.406
9.597
9.510
7.996
7.369
7.965
9.232
10.667
11.367
12.315
12.520
9.733
6.319
6.861
9.925
11.064
10.661
10.304
10.912
13.234
15.637
16.329
15.904
15.888
17.894
20.737
21.271
20.077
20.444
22.372
24.616
27.719
33.204
42.075
52.424
64.203
83.387
109.917
130.453
144.468
165.935
183.988
188.274
189.022
190.472
190.000
190.000
192.013
191.183
190.638
190.000
190.000
191.995
191.735
191.414
191.632
191.880
192.129
192.683
193.221
193.269
193.380
193.381
193.089
192.877
192.757
192.826
193.093
193.349
193.554
194.139
194.699
194.878
194.814
194.855
195.689
197.632
200.510
204.991
211.390
219.272
228.475
240.412
255.020
270.799
287.536
304.417
322.712
342.091
360.310
376.316
388.451
395.173
397.371
424.045
424.150
424.829
426.363
426.776
426.043
426.582
427.381
427.376
428.906
432.551
437.252
442.686
448.684
454.438
461.524
472.121
486.024
502.312
519.675
536.563
552.863
568.809
582.640
590.856
593.826
594.948
595.121
593.792
592.270
592.128
592.619
593.404
594.431
592.335
587.969
582.833
575.373
565.726
551.940
535.168
517.852
501.737
486.994
473.305
462.715
454.807
447.564
440.652
435.414
432.001
429.883
428.789
426.957
424.693
423.536
422.156
420.610
419.279
418.325
402.651
402.755
417.963
418.281
418.172
416.977
404.216
403.401
403.719
404.326
403.084
401.517
400.918
400.369
398.461
395.077
390.609
385.742
379.962
372.126
361.595
349.556
337.484
324.335
311.832
303.622
297.991
292.361
286.730
281.100
275.469
269.839
264.209
258.578
252.948
247.317
241.687
236.056
230.426
224.795
219.165
213.535
207.836
203.700
201.306
199.106
197.746
196.568
195.665
196.804
198.940
200.437
177.769
176.195
174.621
173.048
171.474
169.900
168.326
166.753
165.179
163.605
162.031
159.456
152.293
139.794
126.111
111.144
94.108
76.972
62.052
48.185
31.803
19.255
15.045
13.866
12.687
11.509
10.330
9.152
7.973
6.794
4.975
2.596
3.222
6.270
7.081
6.404
6.890
7.490
7.423
5.676
4.608
6.856
10.240
13.620
15.836
18.571
21.828
24.983
30.361
37.476
44.541
51.614
58.254
64.883
73.704
85.128
99.060
114.838
129.584
142.267
153.500
162.614
168.472
171.822
172.965
172.873
173.599
174.363
174.857
175.202
175.435
175.657
175.826
176.400
202.118
201.676
201.245
200.925
200.821
200.852
200.703
200.464
200.301
200.166
199.997
199.796
199.543
199.592
199.807
199.779
198.874
197.578
198.125
201.663
205.866
209.694
213.829
218.770
226.106
236.390
251.235
267.717
283.102
295.134
304.143
315.766
330.471
345.657
360.466
374.509
386.483
394.613
397.402
397.203
424.850
424.921
425.365
425.639
425.513
425.801
426.037
426.917
428.765
429.910
430.168
430.645
430.916
430.452
430.506
433.307
437.971
443.236
449.132
454.809
459.868
462.630
463.868
470.001
481.984
496.350
511.430
526.752
542.491
558.222
573.147
584.515
590.470
592.563
593.388
594.475
595.947
595.641
594.377
593.561
592.690
592.107
591.755
592.148
592.825
591.463
589.641
589.235
589.208
589.588
590.011
590.880
591.015
590.281
588.308
584.920
581.110
578.230
577.287
576.935
576.959
576.423
573.213
565.848
553.753
538.996
523.455
506.796
488.866
470.505
455.216
444.238
436.413
431.519
428.128
426.519
426.725
427.154
427.317
427.795
427.530
425.747
396.509
395.651
395.374
395.237
394.960
394.773
394.938
393.860
391.583
390.608
390.716
390.164
388.802
386.913
384.872
382.568
379.019
373.946
366.922
356.777
344.011
327.964
310.312
293.422
276.311
259.399
247.781
243.756
242.225
240.694
239.163
237.633
236.102
234.571
233.040
231.509
229.978
228.448
226.917
225.386
223.855
222.324
220.793
219.263
217.732
216.201
214.670
213.139
166.767
167.879
168.991
170.104
171.216
172.328
173.335
173.598
173.812
174.172
171.248
166.676
161.397
153.227
143.296
131.604
117.377
101.226
84.286
67.382
50.593
34.665
21.489
14.063
13.347
14.002
13.293
12.328
11.331
10.408
9.619
9.523
9.935
9.357
9.085
10.068
11.136
12.205
13.273
14.173
13.795
12.638
13.359
15.803
18.313
20.061
23.324
26.758
28.296
31.413
35.566
38.237
42.245
49.323
56.453
63.080
70.522
76.418
79.114
82.893
89.874
99.391
111.341
122.830
134.009
147.278
158.963
167.130
173.877
178.783
180.790
181.543
196.761
196.034
196.005
195.751
195.626
195.739
195.627
196.000
196.225
194.610
192.836
192.527
192.277
191.889
191.961
192.194
192.540
192.741
192.788
192.911
192.909
193.237
193.759
193.726
195.550
198.459
200.487
204.480
211.074
219.531
230.820
244.764
260.936
277.293
290.341
297.159
299.017
302.194
310.847
321.825
333.050
344.062
353.199
361.388
369.083
376.827
385.407
392.444
395.561
396.815
397.701
397.738
397.801
399.076
399.678
399.057
399.253
399.938
400.863
417.385
417.124
420.936
423.426
425.447
428.305
429.080
429.783
431.940
435.074
438.785
442.427
446.751
451.626
455.781
459.630
465.751
475.055
487.852
503.453
520.126
537.428
554.560
570.403
582.980
590.883
592.743
592.040
592.526
592.920
593.867
594.814
594.805
594.828
595.202
594.513
591.339
587.607
585.283
582.529
577.995
571.037
561.426
549.195
535.535
524.712
513.147
498.315
481.073
463.075
448.753
437.581
428.337
420.826
402.881
402.637
402.209
401.542
401.111
401.342
401.540
401.672
401.447
401.093
400.576
399.607
399.191
399.250
398.188
396.351
395.351
395.226
394.988
395.096
394.723
392.728
390.882
388.971
383.812
375.631
365.395
352.459
336.590
318.470
299.123
278.664
258.291
240.875
226.910
216.236
209.868
207.358
206.397
205.247
204.083
203.176
202.532
201.855
201.283
178.707
178.815
179.321
179.523
179.544
179.692
180.005
180.279
179.983
178.734
175.788
171.483
163.952
153.235
141.809
129.686
117.202
103.023
87.246
71.262
55.359
40.478
28.039
18.394
12.305
9.384
8.611
8.721
7.687
7.001
7.523
8.199
8.193
7.338
6.403
5.904
5.877
6.396
9.660
12.057
9.840
8.195
8.735
9.408
10.578
14.118
18.867
22.933
27.230
33.589
43.417
55.860
70.248
86.114
101.791
116.976
131.539
144.839
156.360
165.247
169.738
170.183
169.915
171.055
173.625
176.326
201.556
200.814
200.944
201.097
200.843
200.340
200.038
200.010
201.022
203.301
206.540
211.764
218.308
226.079
235.988
245.325
251.105
254.026
256.212
258.721
262.459
267.172
272.446
279.189
286.196
291.341
295.384
300.615
307.133
313.760
320.365
325.703
330.204
336.646
344.640
352.964
361.606
370.449
378.961
386.468
391.286
393.616
395.913
397.114
397.541
398.180
397.452
427.155
426.937
424.662
396.436
396.041
395.689
395.765
424.957
424.332
423.908
425.489
427.417
427.887
427.639
427.950
429.046
430.792
432.753
433.830
435.791
439.252
443.314
449.443
456.668
463.627
472.408
484.927
498.576
511.958
526.261
540.809
554.045
564.874
574.487
583.525
589.924
593.031
593.880
593.923
593.480
592.657
591.871
591.547
592.134
592.591
592.835
593.381
594.236
594.974
595.607
596.125
596.568
596.395
595.722
595.330
594.928
594.751
594.596
594.692
595.225
594.163
592.066
589.780
586.978
583.781
578.210
569.117
556.866
541.090
522.997
504.250
484.696
466.140
450.143
437.626
429.200
423.872
421.320
421.052
421.016
420.276
419.327
418.378
417.420
402.887
401.562
400.851
400.284
399.327
397.961
396.317
395.335
394.470
393.326
392.160
390.751
390.201
390.330
390.051
389.813
389.827
390.055
390.056
389.805
389.866
389.754
389.668
389.907
389.725
389.471
389.515
389.534
389.788
390.004
389.814
390.061
390.274
390.406
390.492
390.132
390.088
390.588
390.906
390.873
390.809
390.705
390.601
390.498
390.419
390.734
390.990
390.723
390.988
390.958
390.647
390.907
390.959
390.739
390.539
390.252
390.139
390.035
389.760
389.740
389.666
389.604
389.581
389.684
390.096
390.108
390.074
390.462
390.514
390.162
389.963
390.236
390.053
389.965
390.142
390.021
390.335
390.254
389.809
389.738
389.684
389.482
389.260
389.181
389.064
389.063
389.467
389.295
389.232
390.198
390.532
389.917
389.547
389.741
390.057
390.363
390.020
389.509
389.505
389.684
389.710
389.850
390.118
389.612
389.395
389.715
389.587
389.104
388.893
389.105
389.118
389.073
388.915
388.761
388.920
388.967
388.969
389.280
389.569
389.421
389.444
389.552
389.490
389.546
389.119
388.642
388.701
388.902
389.092
388.953
389.297
390.094
390.182
390.493
390.798
390.077
390.075
390.577
390.925
391.352
391.322
390.739
389.676
388.608
387.121
384.135
379.532
375.693
371.603
364.511
354.926
341.470
324.902
308.005
290.693
272.985
255.713
239.374
224.646
211.534
202.856
199.943
179.447
178.254
177.585
177.232
175.998
175.147
176.021
176.925
177.326
177.478
176.901
175.697
174.108
174.345
175.459
175.828
176.023
176.683
178.484
179.424
178.926
178.829
178.528
177.687
177.381
177.238
176.956
176.812
177.412
178.581
178.785
178.003
176.521
175.016
172.190
168.615
164.797
157.510
146.913
134.798
122.389
109.704
93.692
74.742
56.338
39.553
25.040
14.437
8.678
7.353
7.186
6.522
6.597
6.673
6.769
6.750
7.568
9.950
10.821
9.088
8.306
9.378
10.433
10.798
10.742
11.035
13.726
16.920
18.393
20.350
24.148
31.352
41.071
50.132
59.734
71.337
85.337
101.505
118.424
135.465
151.269
164.097
172.987
176.850
178.529
180.261
180.326
178.516
176.574
176.386
176.243
175.595
175.588
175.923
176.327
176.731
177.146
178.049
179.145
179.886
180.213
181.188
181.506
180.632
180.700
181.534
182.334
182.640
182.668
182.537
182.696
183.095
182.402
180.700
179.505
178.918
178.202
178.964
179.126
176.038
173.255
173.637
173.503
172.417
171.431
168.240
164.721
160.833
155.814
151.137
146.177
141.830
139.459
138.711
138.874
139.303
140.205
140.250
138.956
138.155
138.865
139.831
139.383
137.837
136.188
134.392
132.653
131.669
131.266
132.031
133.208
132.403
134.690
139.502
139.128
123.953
105.153
99.561
99.782
100.553
101.165
101.252
101.252
