67.614
67.614
67.614
67.614
67.614
67.614
67.614
67.614
67.614
67.614
67.614
67.614
67.614
67.614
67.614
67.614
67.614
67.614
67.614
67.614
67.614
67.614
67.614
67.614
67.614
67.614
67.614
67.614
67.614
67.614
67.614
67.614
67.614
67.614
67.614
67.614
67.614
67.614
67.614
67.614
67.614
67.614
67.614
67.614
67.614
67.614
67.614
67.614
67.614
67.614
67.614
67.614
67.614
67.614
67.614
67.614
67.614
67.614
67.614
67.614
67.614
67.614
66.832
63.279
58.729
55.284
52.288
49.955
47.818
44.905
41.597
38.223
35.150
32.057
28.740
25.888
23.759
21.668
18.784
16.047
13.726
11.555
9.295
7.180
5.570
4.893
4.728
4.284
3.698
3.188
3.071
2.924
2.624
2.586
2.748
2.770
3.551
4.185
3.664
4.176
5.891
7.132
7.894
8.566
8.430
8.012
8.173
8.506
8.815
9.147
9.307
9.343
8.794
6.681
4.470
3.844
3.440
2.595
1.968
1.466
0.894
0.815
0.147
0.000
0.959
2.817
2.668
1.736
1.251
1.704
2.467
3.931
6.713
8.065
7.478
7.083
7.550
9.532
11.725
13.404
15.691
19.035
21.844
22.832
22.900
23.250
23.328
24.449
28.014
31.448
34.298
37.709
41.645
45.472
49.337
53.699
57.184
60.134
64.021
67.647
69.082
68.789
68.634
69.339
70.246
72.084
74.121
74.931
76.116
76.671
76.603
77.093
76.493
75.477
75.717
75.990
76.007
76.450
76.561
76.472
76.607
76.630
76.390
76.403
77.032
77.469
78.329
80.401
83.171
86.428
90.552
94.671
97.991
100.906
102.900
104.972
108.595
113.868
119.129
123.593
127.990
131.196
133.897
137.361
141.042
144.546
147.003
148.173
148.137
147.938
149.272
152.747
156.646
158.510
158.373
159.045
162.243
166.387
170.515
174.394
177.644
179.780
180.787
181.470
181.968
197.567
197.445
197.353
197.219
197.249
197.427
197.459
197.282
197.049
197.038
182.370
182.922
184.113
184.624
185.774
193.178
193.284
193.592
193.313
193.009
193.079
193.612
194.928
196.746
198.187
198.790
199.355
200.057
200.737
201.853
203.707
205.802
205.871
203.744
201.809
201.416
201.678
203.591
205.976
207.036
208.280
208.829
208.888
209.964
214.025
219.278
225.664
234.824
243.563
249.851
255.119
263.312
274.450
285.230
294.380
303.459
313.902
324.556
334.393
343.288
350.684
356.626
362.199
367.772
373.345
379.085
384.504
389.251
392.487
394.160
395.830
397.319
398.581
399.888
400.702
420.810
421.553
420.933
420.273
420.178
420.639
422.550
425.046
425.165
422.295
419.263
417.231
415.749
415.274
415.463
416.355
416.047
413.497
411.484
408.487
408.608
408.779
408.420
408.378
408.352
408.266
408.475
408.318
407.947
407.912
411.631
412.423
413.868
416.255
418.734
419.216
418.877
418.512
418.260
419.771
421.954
423.845
425.263
426.428
428.908
432.660
437.025
443.541
451.167
457.736
464.545
472.730
483.166
494.937
506.816
517.836
526.943
535.100
543.621
552.524
561.018
569.371
577.149
583.152
587.437
590.373
592.899
594.105
594.008
594.325
594.522
594.220
593.923
594.792
596.407
597.187
597.075
596.101
595.391
596.002
596.407
596.620
596.975
596.956
596.630
596.339
596.247
596.198
596.167
595.556
594.869
595.441
597.039
598.214
598.948
599.489
599.516
599.673
599.997
600.000
600.000
600.000
600.000
600.000
600.000
599.965
599.544
599.107
598.430
597.615
597.269
597.079
596.904
596.926
596.855
594.700
591.608
589.441
588.236
588.111
589.085
588.983
587.817
587.354
586.194
585.206
584.620
583.962
583.867
584.235
583.820
582.567
581.637
581.393
581.633
582.260
583.613
583.354
580.868
578.329
577.052
577.158
577.588
577.707
577.555
578.513
579.009
577.933
576.074
573.295
569.858
567.742
566.312
562.924
556.937
549.409
540.829
533.838
528.258
519.680
509.884
501.836
495.339
487.546
478.740
473.057
468.059
460.925
453.106
444.693
436.237
429.329
424.466
420.972
418.490
416.937
415.982
415.949
416.721
417.414
417.878
418.539
417.926
416.026
414.233
406.744
406.850
406.635
406.417
406.674
414.083
413.935
405.428
404.237
404.049
403.899
403.564
403.228
402.809
402.635
402.734
402.551
401.647
400.475
399.531
399.173
399.266
399.360
400.774
402.910
403.567
402.447
400.390
398.043
394.849
390.961
388.123
385.596
382.812
381.559
379.939
376.982
373.131
369.600
367.657
365.876
362.968
361.429
361.478
357.721
350.054
341.718
333.482
325.349
319.230
313.337
303.794
292.631
282.879
273.779
264.950
257.089
250.153
244.284
239.032
233.957
229.007
224.057
219.106
214.156
209.206
204.256
199.803
197.424
196.950
196.863
196.660
195.854
194.832
194.255
193.712
186.583
186.461
186.317
185.646
184.173
181.853
180.801
183.254
194.261
194.371
194.867
194.955
194.319
193.822
193.529
193.727
193.780
193.168
192.762
192.780
192.700
192.229
192.284
192.739
192.704
192.686
193.012
192.893
192.587
192.547
192.352
191.981
192.252
185.226
182.692
181.294
180.588
179.626
178.584
177.414
175.899
175.284
176.407
177.265
176.412
173.711
171.559
172.226
174.417
177.655
179.858
179.179
177.317
176.474
176.673
202.148
202.782
203.444
204.295
204.575
205.204
206.530
207.455
207.006
206.191
205.871
205.751
206.391
208.078
209.642
210.211
210.168
209.952
209.402
209.343
210.903
213.369
215.813
218.219
219.303
220.406
224.114
230.077
237.562
243.925
247.450
248.698
248.549
247.928
247.531
247.649
247.610
246.918
246.502
246.669
246.875
247.123
247.367
249.328
252.844
256.066
258.860
262.660
268.938
276.559
284.318
291.632
300.012
309.572
317.494
322.176
324.705
326.976
330.563
336.283
343.295
350.838
357.536
363.672
369.177
372.469
374.444
377.130
379.679
380.784
380.353
379.222
378.773
378.664
378.838
379.709
380.946
381.858
382.383
382.743
383.336
384.229
384.875
385.040
385.351
385.475
384.427
384.551
385.083
384.287
383.076
381.498
380.522
381.005
382.024
382.731
383.265
382.075
379.192
376.158
373.261
370.542
367.713
365.040
363.191
360.870
356.837
352.737
350.128
345.966
339.837
334.704
330.057
325.225
319.456
310.736
301.504
297.684
293.938
285.885
277.710
270.138
262.608
254.935
247.709
241.567
237.734
235.361
233.555
232.190
231.303
231.767
232.493
232.165
230.774
230.287
230.754
230.951
230.871
230.715
230.867
231.039
231.143
231.294
231.326
231.176
231.139
231.088
230.933
230.788
230.677
230.605
230.520
230.489
230.469
230.453
230.372
230.238
230.175
230.123
230.111
230.172
230.303
230.394
230.430
230.430
230.356
230.253
230.090
229.893
229.776
229.659
229.595
229.724
229.926
230.056
230.196
230.525
230.974
231.255
231.322
231.329
231.269
231.241
231.261
231.200
231.241
231.298
231.194
231.116
231.206
231.341
231.112
231.041
231.292
231.391
231.386
231.334
231.579
231.946
232.201
232.388
232.428
232.381
232.342
232.408
232.553
231.579
230.008
229.573
229.795
230.606
232.115
233.089
233.215
233.205
233.158
233.019
232.914
232.862
232.824
232.727
231.198
229.250
228.718
229.381
230.497
229.500
227.571
226.731
224.494
219.785
214.455
209.577
204.931
201.511
199.681
198.704
198.116
197.775
197.701
197.636
181.350
179.762
177.915
175.249
174.421
175.567
176.472
174.806
172.374
169.817
165.587
160.520
157.370
154.369
148.902
141.891
132.986
122.115
112.691
105.757
98.011
88.368
78.761
69.946
61.178
51.736
42.155
33.773
26.363
18.583
10.937
6.774
5.001
4.177
4.969
5.355
5.123
5.069
5.254
5.616
6.137
6.604
7.382
8.105
8.785
10.018
10.774
10.206
6.454
2.414
1.309
1.124
0.650
0.000
0.000
0.000
0.000
0.000
0.000
0.000
0.000
0.399
1.599
3.483
5.130
5.395
5.242
5.245
6.685
9.387
11.689
13.311
14.033
14.391
14.937
16.017
17.467
18.396
18.095
18.750
22.539
27.402
33.226
39.920
44.695
50.218
58.714
68.504
78.014
86.771
93.923
99.461
106.210
113.687
121.265
129.005
136.193
142.829
148.177
153.062
158.937
165.504
171.290
175.485
178.724
180.988
197.441
196.873
196.522
196.270
196.308
196.162
196.288
196.342
195.978
195.709
195.433
195.355
195.529
195.526
195.334
195.303
196.462
196.984
195.346
194.235
194.021
193.905
193.839
193.603
193.533
193.793
193.825
193.658
193.568
193.796
195.462
196.827
197.011
197.787
199.207
199.608
198.033
196.451
196.127
196.260
196.256
196.145
196.040
195.936
195.652
194.732
193.718
193.578
193.757
193.811
193.926
193.944
193.926
194.200
194.599
193.780
187.122
186.402
186.025
185.859
185.847
185.768
185.993
186.329
186.372
186.376
186.369
186.324
186.192
185.716
184.813
183.929
183.157
182.897
182.870
182.473
182.015
181.848
182.147
182.153
182.109
182.322
182.144
181.953
182.092
182.293
182.322
182.205
181.903
181.920
182.230
182.186
182.215
182.330
182.383
182.412
182.133
182.063
181.786
181.144
180.673
180.643
180.930
180.604
179.688
178.832
178.405
178.127
177.788
177.510
177.504
177.841
178.153
178.294
178.737
179.362
179.659
179.908
180.143
178.758
176.710
175.543
175.555
176.053
176.234
176.450
176.804
178.030
179.368
179.674
179.468
179.600
179.971
200.886
203.568
203.960
203.378
202.690
201.475
200.443
200.244
200.243
200.195
200.085
200.138
200.406
201.217
202.789
204.595
206.646
208.218
208.754
209.351
210.236
210.367
209.635
208.909
208.721
210.759
213.524
215.233
216.514
216.701
217.413
220.323
224.307
229.650
236.489
243.981
252.071
259.209
265.665
273.180
282.429
293.458
305.290
317.746
330.256
342.026
352.874
362.168
370.452
378.034
385.329
392.311
397.435
421.205
421.645
422.122
422.812
422.997
423.930
423.435
422.627
424.894
426.568
426.899
427.040
427.118
427.196
427.261
426.442
425.652
425.018
422.390
418.411
416.642
418.223
420.225
420.738
421.165
423.505
425.629
427.105
429.828
430.659
427.525
426.365
430.613
436.832
443.249
448.793
453.872
458.812
461.983
463.210
463.460
463.575
463.872
466.433
474.106
485.593
498.641
511.356
522.648
534.173
545.963
557.413
568.694
579.323
588.047
593.049
594.888
595.866
596.675
597.132
596.280
593.820
591.153
591.192
592.650
592.951
593.269
593.552
593.440
593.499
594.275
594.649
594.895
595.730
595.890
595.533
594.500
593.089
592.726
593.399
594.617
595.406
594.662
593.128
592.384
592.324
592.557
592.811
592.920
593.663
594.735
594.637
594.563
594.863
594.477
593.488
590.587
587.293
587.010
587.596
587.514
587.781
587.921
587.955
587.148
583.607
581.060
582.005
582.790
580.837
575.585
568.373
560.249
551.782
541.519
529.997
518.704
506.837
494.945
484.543
475.129
466.125
457.648
448.997
441.209
435.118
430.346
428.160
427.709
427.394
427.467
427.176
426.709
425.922
424.292
423.152
423.101
423.672
423.746
422.627
421.314
420.522
419.675
419.374
419.563
419.223
419.070
419.219
420.556
422.037
421.023
418.340
402.916
402.386
400.726
397.961
395.246
392.210
387.877
383.287
381.458
380.820
379.560
377.977
376.241
374.504
372.694
370.212
367.661
366.550
365.999
364.354
361.319
357.471
353.587
349.835
346.082
342.329
338.576
334.824
331.071
326.581
319.518
310.814
301.875
292.248
282.368
272.487
262.631
253.152
244.267
234.990
225.406
216.520
209.624
204.983
201.803
199.993
198.536
198.226
199.104
200.330
200.417
199.547
199.312
199.164
199.690
200.639
179.296
181.113
182.941
196.686
196.976
197.151
197.043
197.057
196.699
196.436
196.561
195.929
194.591
193.838
193.748
193.536
193.066
192.965
193.219
193.309
192.737
191.771
191.148
190.935
190.926
190.955
190.984
190.000
190.000
190.000
190.000
191.018
186.975
184.544
183.725
183.509
183.253
183.219
183.344
183.080
182.858
182.948
182.812
182.599
182.856
183.429
183.467
183.275
183.390
183.410
183.329
183.344
183.365
183.383
183.492
183.420
183.194
183.295
183.595
183.536
181.437
178.253
176.341
175.761
175.841
176.157
176.204
175.864
175.175
174.662
173.749
172.147
172.197
173.679
172.443
170.326
171.086
174.512
178.281
179.624
179.688
179.387
179.347
179.920
199.179
200.079
199.896
199.171
198.334
198.078
198.226
198.185
198.129
198.469
198.923
198.776
197.789
197.377
197.267
196.453
195.629
195.026
182.653
178.898
176.586
176.768
178.109
179.482
179.905
179.212
177.221
174.934
172.644
171.117
170.787
170.723
171.404
171.700
170.152
166.135
159.420
149.610
138.914
129.963
120.991
112.159
102.729
91.336
80.014
71.755
65.059
57.320
48.768
39.275
29.656
20.090
11.852
7.518
7.555
8.994
9.677
9.974
9.742
7.910
5.239
4.424
4.625
4.753
5.355
6.591
8.374
10.157
11.919
13.239
13.601
15.796
21.196
27.554
33.652
39.421
45.002
51.606
56.697
61.262
69.607
80.044
90.562
100.792
111.279
121.372
129.952
136.971
144.513
153.302
161.291
167.421
171.351
173.586
174.925
176.493
201.409
200.770
178.766
178.741
178.814
179.459
180.696
181.375
181.399
181.701
197.240
197.054
196.939
197.073
197.675
197.830
197.397
197.226
197.194
197.198
197.278
197.640
197.800
197.162
196.254
195.607
195.167
194.570
193.816
193.667
194.645
196.656
198.210
197.423
195.532
193.919
192.923
192.462
192.110
191.998
191.901
191.783
191.948
191.936
191.378
188.806
188.887
188.878
189.033
189.311
189.176
189.335
189.550
189.054
188.799
188.876
188.614
188.635
188.842
188.610
188.434
188.644
188.524
188.364
188.571
188.653
188.649
188.657
188.678
188.552
188.486
188.446
187.903
186.837
186.860
188.184
189.109
190.000
190.000
190.000
190.000
188.438
188.118
187.900
186.598
186.985
191.456
190.158
188.601
186.364
185.582
185.279
185.574
186.066
185.726
185.592
185.396
184.121
183.558
183.939
183.854
183.856
183.758
183.342
183.024
182.891
182.806
182.512
182.218
181.949
181.791
181.817
181.941
181.881
181.870
182.288
182.572
182.438
182.243
182.208
182.417
182.637
182.821
182.849
182.752
182.754
182.730
182.925
182.889
182.685
182.922
183.219
183.271
183.124
183.319
185.455
187.653
192.200
193.394
194.715
195.047
194.816
194.665
194.530
194.539
195.032
196.859
198.549
199.018
199.603
200.286
201.358
202.146
202.836
205.513
208.245
210.832
214.927
219.323
223.888
230.038
238.096
247.662
258.616
269.174
280.998
295.303
309.914
324.023
336.727
348.127
358.729
368.884
378.740
387.423
394.070
397.567
422.063
421.740
421.876
422.404
422.958
422.999
423.118
423.086
398.492
398.638
398.895
399.086
423.806
426.112
426.560
426.393
426.727
426.963
426.962
427.082
428.035
431.261
436.014
441.211
447.728
456.280
466.414
477.976
489.957
501.528
513.543
526.485
539.442
551.907
563.168
569.965
573.577
578.495
583.137
585.135
584.979
584.757
585.261
586.224
587.748
589.571
590.929
591.674
591.577
590.479
589.965
590.613
590.811
589.847
588.963
589.188
588.964
588.083
588.215
589.048
589.345
588.561
587.358
587.475
587.937
587.334
586.613
585.690
585.108
585.345
584.648
580.620
577.777
577.359
573.026
564.916
557.352
552.275
547.809
540.487
529.437
516.973
504.630
492.794
483.118
473.797
463.372
453.433
444.928
440.569
438.867
435.265
430.854
428.423
428.447
429.656
429.981
428.137
426.175
424.860
423.429
422.372
420.760
419.177
418.006
417.299
403.760
404.428
414.921
413.805
413.408
407.801
408.128
406.881
405.154
405.101
406.206
406.226
406.114
406.302
406.222
405.483
404.343
404.050
403.587
402.339
401.419
401.775
401.070
398.712
396.145
394.368
392.528
388.841
384.807
382.212
379.416
373.447
366.081
359.158
350.469
339.507
328.374
317.298
304.897
291.471
280.127
269.923
258.580
247.833
237.944
227.966
218.454
210.234
204.113
200.203
181.834
182.571
183.068
183.552
183.926
184.236
184.316
184.586
184.763
184.231
183.631
184.046
185.129
194.638
195.000
194.743
186.218
185.675
184.720
184.385
183.976
183.406
182.233
180.910
179.480
177.006
172.991
167.308
159.687
150.426
140.755
131.626
122.605
112.378
101.048
89.216
77.404
65.663
53.499
41.305
30.027
20.006
11.820
6.970
4.956
5.138
6.573
7.422
7.923
8.846
9.436
8.934
8.233
7.757
7.408
6.925
5.893
4.650
3.832
3.611
3.428
2.966
2.798
3.000
4.137
5.596
6.481
6.890
6.558
6.121
6.658
7.981
9.845
12.334
14.838
16.431
18.395
22.723
29.033
37.295
46.779
57.211
69.469
82.562
95.594
108.734
121.139
132.876
144.388
155.388
165.768
174.498
199.255
198.194
197.540
196.919
196.423
195.989
195.647
195.498
195.497
184.212
184.253
195.603
195.874
195.625
195.238
195.550
195.831
195.221
194.306
193.663
192.989
192.609
193.230
194.114
194.215
194.159
194.351
194.453
194.362
194.338
194.297
193.907
193.675
194.086
195.152
196.148
197.151
197.833
197.545
196.938
196.252
195.110
194.010
193.686
193.351
192.775
187.521
187.728
188.512
188.756
187.684
186.829
186.899
187.325
187.585
187.576
187.636
187.809
187.872
187.920
188.056
188.106
188.119
188.119
187.783
187.521
187.480
186.556
186.202
186.632
187.345
187.419
185.525
184.210
184.063
184.112
184.231
184.376
184.608
184.706
184.703
184.698
184.836
184.673
183.891
183.608
183.654
183.701
183.821
184.587
186.276
192.994
193.675
193.504
192.983
193.301
194.050
194.342
194.717
196.107
197.136
198.150
199.505
201.606
204.856
208.226
211.312
215.525
220.810
227.509
236.555
244.603
250.762
258.269
268.527
281.717
295.904
309.801
323.968
337.632
350.227
362.067
373.172
382.749
390.051
394.984
397.704
422.860
422.538
421.941
422.410
422.829
398.458
398.373
423.060
423.394
424.028
424.993
425.332
426.428
428.959
431.628
434.713
439.458
445.815
451.962
458.007
465.366
473.806
483.984
496.250
508.926
520.993
533.087
545.763
558.799
571.352
582.164
589.704
593.214
594.257
593.848
592.413
591.504
590.232
589.051
589.769
589.194
587.800
589.714
592.133
592.997
594.218
595.820
596.703
596.489
596.118
596.551
596.565
595.461
594.470
594.468
594.350
591.675
587.461
586.161
586.716
585.065
581.199
575.721
569.366
563.453
558.910
555.955
552.623
548.473
544.741
540.130
534.659
531.223
530.791
530.649
528.612
526.914
527.276
527.360
526.031
523.820
518.705
510.965
502.778
496.085
491.475
487.570
483.178
476.323
469.606
463.587
455.871
447.746
439.655
431.873
424.917
419.135
416.299
416.493
416.129
414.970
414.571
414.641
414.783
414.079
413.162
412.122
411.553
407.708
406.064
405.502
405.044
405.855
407.005
406.490
406.826
411.680
409.732
410.000
410.000
410.000
410.636
412.983
413.975
406.181
403.479
401.731
398.795
394.338
389.323
384.689
378.672
370.109
361.609
352.297
340.686
327.905
314.235
300.802
288.043
275.062
262.291
250.992
240.892
231.492
225.762
223.435
221.516
219.596
217.677
215.758
213.838
211.919
210.000
208.080
206.161
204.241
202.322
179.312
180.039
180.083
180.831
181.494
181.246
180.551
181.629
184.707
186.337
193.309
194.557
195.783
183.670
180.809
179.288
181.059
184.199
193.073
193.236
193.704
193.595
193.157
192.497
186.555
185.190
184.550
183.528
181.169
178.785
177.215
173.998
170.954
168.337
162.821
154.674
147.376
143.985
141.191
135.091
125.596
112.942
98.795
85.321
72.293
59.489
46.485
33.509
22.627
13.548
5.940
2.660
3.210
4.384
5.322
6.097
6.876
7.654
8.474
9.003
8.967
8.698
8.430
8.162
7.893
7.634
7.235
8.776
12.015
16.207
22.363
29.942
37.346
44.645
55.795
69.933
83.326
95.838
109.095
122.429
134.796
146.496
157.120
166.534
173.962
178.307
199.861
198.948
197.951
197.289
197.048
197.461
196.947
195.833
194.990
194.146
193.823
194.579
195.934
196.597
197.181
197.728
197.404
196.617
195.884
195.399
195.355
197.175
199.390
199.932
199.960
198.943
196.768
194.869
193.550
193.046
193.217
193.192
193.508
194.559
195.077
194.944
194.797
194.695
194.298
194.122
195.114
197.650
200.834
204.397
209.424
214.574
218.779
220.457
221.037
224.626
231.645
240.729
251.287
263.476
276.376
289.332
302.798
316.842
330.243
342.109
354.056
365.754
375.299
384.351
392.564
397.354
422.808
421.980
421.406
421.392
422.029
422.528
422.854
423.180
423.253
423.388
423.401
423.290
423.657
424.571
425.125
425.202
425.850
426.661
426.898
426.981
427.093
427.042
427.191
427.561
430.354
436.421
443.733
451.691
461.719
474.841
489.925
505.816
521.756
537.356
550.081
556.461
561.321
569.642
578.882
586.556
590.944
592.695
593.348
593.720
594.243
594.602
594.430
593.863
594.130
594.822
595.137
595.757
596.646
596.585
595.558
594.440
592.772
590.522
588.547
589.152
589.974
587.866
586.079
586.367
586.792
585.583
582.833
579.076
575.007
569.799
565.562
565.449
565.290
562.965
561.530
561.676
561.777
561.978
563.266
564.471
564.752
564.994
566.135
565.205
561.270
554.847
544.745
532.923
523.181
513.458
500.031
485.189
470.280
455.544
443.252
434.423
427.293
421.744
418.910
418.688
418.816
418.718
419.155
418.688
418.084
417.934
417.135
416.566
416.511
415.674
404.557
403.009
403.419
403.459
402.042
399.876
396.644
392.515
387.976
383.509
379.582
373.711
364.018
352.124
339.991
327.858
315.725
303.887
291.463
278.336
265.690
254.405
244.465
235.445
227.425
220.314
215.503
212.832
210.548
208.263
205.979
203.694
201.410
199.332
181.397
180.312
181.524
195.776
195.398
194.739
185.536
184.493
183.297
181.813
180.152
177.591
173.124
166.920
160.434
152.699
142.909
131.761
119.678
107.345
95.391
83.751
71.956
59.605
46.835
34.717
23.816
14.755
9.524
7.118
6.111
6.771
8.070
9.403
8.684
6.777
6.642
7.236
7.703
8.333
8.948
9.885
11.294
12.992
13.172
12.001
10.077
8.147
7.746
8.501
9.433
8.798
7.515
6.906
6.052
5.048
4.785
4.975
5.360
5.459
4.720
4.012
4.161
4.815
5.506
4.933
5.118
5.986
7.109
10.659
14.244
16.896
19.475
21.926
25.160
31.324
39.772
49.892
62.713
76.343
89.551
101.855
112.631
121.231
129.534
139.914
150.754
160.457
168.101
173.266
204.470
204.256
204.016
203.350
202.188
201.179
200.110
199.676
199.699
199.662
199.275
198.615
198.630
199.859
200.262
199.704
199.549
199.192
198.550
198.319
198.711
199.170
199.050
198.144
196.788
195.610
195.143
194.910
194.619
194.986
196.426
197.148
197.031
196.838
195.673
194.646
194.599
194.576
194.575
195.205
197.041
199.643
201.286
203.886
208.480
213.905
220.910
229.187
238.703
248.841
258.949
265.138
267.707
274.573
286.399
300.319
314.818
327.993
340.026
352.152
364.438
375.369
384.479
391.220
394.109
425.905
424.004
423.443
423.553
421.900
420.009
417.555
415.654
414.297
413.600
415.155
419.276
422.614
423.679
425.260
425.212
425.193
425.958
426.713
429.008
433.317
438.646
444.906
452.922
461.202
468.925
478.016
490.225
504.612
518.416
531.080
543.099
555.114
567.267
578.523
587.458
592.303
593.454
593.713
594.776
595.480
595.799
595.288
593.527
593.702
595.819
597.686
598.448
598.294
598.078
597.533
596.918
596.960
596.808
596.674
596.985
597.277
597.815
598.189
598.265
598.201
597.444
596.396
595.399
595.175
596.045
596.563
594.457
591.563
590.586
590.064
589.862
590.272
590.324
587.524
583.218
579.717
574.449
568.324
563.447
558.317
550.229
537.867
524.042
510.682
498.024
486.302
474.642
463.678
453.922
444.554
435.803
428.827
424.179
398.864
398.736
399.560
420.332
419.571
419.330
418.598
417.749
417.567
417.009
403.312
402.393
401.917
402.030
402.598
403.026
401.157
398.951
398.275
396.092
393.541
391.504
388.345
384.902
381.676
378.469
375.410
372.598
368.657
364.649
361.693
359.249
358.179
357.772
357.128
355.054
351.395
347.608
345.653
345.422
345.260
345.129
344.445
341.329
336.575
332.827
330.253
328.367
327.081
325.678
322.841
319.382
317.221
314.898
310.128
302.769
293.534
282.622
270.327
258.919
250.000
242.216
234.436
226.657
218.877
211.177
205.778
203.179
201.515
199.647
181.879
183.352
184.320
184.865
184.853
184.312
183.005
181.118
180.315
181.524
183.134
183.689
184.062
183.770
182.579
182.011
181.689
180.305
178.841
179.445
181.941
183.474
183.704
183.892
195.723
195.244
184.502
184.210
184.203
184.121
184.211
184.345
184.553
184.411
195.908
195.903
184.370
184.278
184.197
184.486
184.586
184.879
184.471
182.998
180.667
178.059
174.931
169.739
163.462
156.493
149.179
142.710
134.791
124.164
112.847
101.517
90.907
81.076
70.605
59.036
47.514
37.203
31.257
29.469
28.398
27.326
26.255
25.183
24.112
23.040
21.969
20.897
19.826
18.745
17.562
16.283
15.004
13.726
12.447
11.300
10.617
10.134
9.767
10.538
12.225
13.943
15.912
17.928
20.065
22.482
25.937
30.760
36.236
43.645
51.957
59.310
68.320
79.507
90.935
101.997
112.946
124.016
135.133
145.754
154.551
161.829
167.684
171.348
173.078
206.046
205.554
174.342
175.307
175.801
176.592
201.649
201.607
201.988
202.163
202.504
202.766
202.137
202.480
201.948
200.269
199.800
199.444
198.662
197.519
196.056
194.674
194.386
196.083
199.248
202.443
204.713
207.113
210.404
214.340
218.515
222.922
227.849
234.270
242.247
247.751
251.879
258.983
265.705
271.672
281.438
293.995
307.851
321.410
333.222
344.603
356.636
368.252
378.469
386.914
392.322
395.292
425.391
424.164
423.929
397.000
396.914
424.731
425.235
425.257
425.537
426.575
427.263
427.960
428.547
427.669
426.948
427.761
429.097
431.160
434.731
438.381
443.680
451.309
460.800
473.381
487.483
501.879
515.588
528.627
540.958
551.925
562.085
571.858
580.645
586.295
588.842
590.326
591.411
592.486
593.580
593.266
590.745
588.401
588.645
590.856
593.175
594.645
595.802
595.833
594.872
594.317
593.002
591.408
591.772
592.245
591.603
592.500
593.654
593.912
594.573
595.253
594.823
594.104
594.277
593.725
590.655
587.012
585.054
581.923
575.454
565.754
553.934
541.360
529.606
517.754
504.086
490.668
478.394
466.969
457.837
450.051
442.307
435.393
430.133
427.642
427.491
427.122
426.247
424.889
423.398
422.809
423.089
423.656
424.099
425.765
427.172
427.579
428.101
428.463
428.385
428.065
427.748
427.392
427.033
426.674
426.315
425.956
425.597
425.358
425.196
424.919
424.890
424.880
424.670
424.592
424.391
424.053
423.789
423.579
423.369
423.159
422.949
422.739
422.529
422.319
422.109
421.899
421.689
421.479
421.269
421.059
420.849
420.561
420.186
419.981
420.144
420.267
418.883
417.515
416.380
404.488
401.765
400.201
401.554
417.652
417.706
416.173
405.848
406.294
415.044
415.838
415.521
415.205
414.980
405.849
405.293
403.904
402.141
399.794
398.377
399.125
419.220
418.033
418.081
417.925
417.727
417.301
416.727
416.143
415.257
414.770
414.960
415.221
415.163
413.985
413.647
406.243
414.382
415.809
416.558
415.474
414.074
414.494
415.734
416.990
417.351
417.160
417.300
417.688
418.087
418.485
418.884
419.298
419.523
419.524
419.954
420.390
420.463
420.527
418.618
416.150
416.911
400.907
399.625
421.353
419.342
403.031
403.223
404.028
404.733
405.283
405.448
405.213
415.476
415.634
415.704
415.851
404.390
402.612
401.372
401.201
399.495
398.291
398.045
398.069
398.630
399.921
399.843
396.113
390.527
387.072
387.135
385.367
380.516
376.065
372.631
369.917
366.731
362.902
359.592
354.857
346.175
335.498
325.408
315.283
304.386
291.531
277.025
263.631
252.112
241.903
232.285
222.735
214.418
209.507
207.209
205.651
204.383
202.743
201.052
199.608
180.313
179.281
178.965
180.062
182.399
196.154
196.195
196.578
195.748
184.857
182.455
179.014
175.859
173.775
170.702
166.009
160.557
153.900
146.283
136.416
124.596
112.708
101.523
94.496
88.110
77.271
64.675
51.699
39.026
27.842
19.117
14.142
12.276
10.995
9.713
8.431
7.181
6.762
7.607
9.021
9.625
9.313
9.002
8.690
8.379
7.766
7.259
7.852
8.906
11.665
15.120
17.121
19.180
21.418
23.527
24.423
24.391
24.525
24.899
25.643
28.984
32.605
33.770
38.479
48.001
59.488
72.798
84.239
94.526
107.614
121.878
136.152
149.569
159.697
167.219
174.454
180.378
196.717
196.241
195.738
194.902
194.122
193.914
193.790
193.575
193.361
193.147
192.932
192.718
192.504
192.271
191.841
191.489
191.644
192.015
191.837
191.351
187.269
186.444
186.656
186.394
185.248
183.481
183.173
184.890
185.823
186.051
192.992
192.205
186.982
184.442
183.003
183.175
183.287
183.754
185.778
193.587
193.924
194.081
194.347
195.083
196.352
197.462
198.388
199.904
202.013
204.884
209.931
216.200
223.575
230.196
234.841
242.143
253.148
264.969
277.357
291.949
306.800
319.730
332.191
345.360
357.680
367.933
377.290
386.304
393.615
397.677
422.755
422.347
422.077
422.296
422.033
422.120
423.758
423.908
423.323
424.235
425.031
425.375
424.642
424.360
425.837
428.175
430.825
433.912
439.208
445.929
454.982
467.000
480.021
493.892
508.150
522.574
536.630
549.459
562.411
575.122
585.416
591.715
594.307
594.936
594.269
593.168
592.799
593.029
593.894
594.672
595.162
595.487
595.237
594.812
594.441
595.116
595.675
595.279
594.424
593.136
591.864
591.431
591.888
591.283
590.523
590.328
589.708
588.450
586.375
583.725
581.695
581.169
581.042
579.107
576.951
575.139
570.068
561.745
550.072
535.907
521.559
507.857
495.130
483.330
472.487
462.102
452.582
443.788
435.607
429.548
426.329
425.388
424.729
423.627
422.834
422.482
422.562
422.434
421.919
421.457
420.985
420.485
418.639
403.592
403.549
417.218
415.996
405.439
403.143
400.663
399.036
397.262
394.070
388.688
383.767
381.035
380.184
380.267
377.423
371.793
364.321
354.366
342.520
328.564
313.008
297.472
284.016
275.685
270.716
265.893
261.070
256.248
251.425
246.602
241.779
236.957
232.134
227.311
222.488
217.666
212.843
208.170
204.683
202.454
178.698
178.540
178.742
179.823
180.348
178.287
178.179
200.389
178.334
178.522
180.566
182.678
196.567
196.523
183.132
182.502
180.301
177.648
175.076
172.656
173.076
173.293
168.672
163.199
159.764
157.265
156.376
155.473
154.083
152.332
149.901
148.820
149.088
148.891
144.740
137.125
129.064
120.904
111.966
101.099
89.179
76.887
63.498
49.576
36.333
24.621
14.943
9.532
8.676
8.335
7.650
6.754
5.307
5.464
5.482
4.618
5.710
9.297
13.285
14.033
13.957
16.490
20.288
23.253
24.239
24.325
24.712
25.041
24.989
24.406
23.824
23.894
24.208
24.241
24.016
24.025
23.925
24.263
25.163
25.513
25.730
25.877
25.341
24.715
24.512
24.639
24.759
24.718
24.659
24.639
24.758
24.865
24.885
24.923
24.939
24.840
24.839
24.899
24.532
24.220
24.841
25.156
24.624
24.699
24.819
24.892
24.788
24.570
24.435
24.459
24.851
24.515
24.178
24.371
24.687
24.572
24.397
24.809
24.905
24.302
22.408
20.690
21.725
23.235
24.673
26.107
26.673
26.739
26.505
27.640
28.732
28.813
28.677
28.530
28.519
27.537
27.119
28.686
30.383
32.761
34.291
34.127
36.872
40.154
44.660
52.504
61.472
71.731
83.179
95.596
107.653
119.694
131.437
142.297
151.852
160.534
168.758
174.715
203.335
202.957
176.815
177.143
177.566
178.347
180.204
198.066
198.449
197.887
196.422
195.785
195.811
195.474
195.284
195.603
195.676
195.417
195.341
196.147
196.855
195.798
194.401
193.963
193.439
192.945
192.612
192.342
192.175
191.983
191.897
191.882
191.831
191.717
191.573
191.644
192.535
193.282
193.335
192.936
191.706
191.213
192.478
194.696
197.234
199.565
201.968
204.989
208.572
213.164
218.793
224.599
229.757
235.222
239.084
241.477
243.366
244.882
247.553
250.369
256.631
267.379
279.716
293.651
308.391
322.080
335.040
347.995
360.855
372.240
381.689
389.980
395.475
423.038
422.291
422.596
422.943
423.674
424.238
424.527
425.178
425.945
426.646
427.477
427.661
427.750
429.562
433.658
439.643
446.974
455.522
465.899
478.567
492.393
505.973
518.774
531.205
542.985
554.260
565.382
575.624
583.679
588.670
591.493
592.898
593.399
591.444
587.627
588.700
592.591
593.830
593.659
593.103
592.652
592.728
593.797
594.809
595.111
595.950
596.883
596.953
597.066
597.185
597.082
596.267
595.153
595.155
595.630
595.796
595.926
596.423
596.041
594.885
593.831
592.677
591.083
589.034
587.388
586.100
585.117
583.871
582.051
578.861
571.824
561.620
552.672
549.070
543.596
531.651
518.164
505.295
493.247
481.098
469.274
460.293
454.093
447.288
439.563
432.283
428.198
426.847
425.431
423.179
419.859
416.707
415.720
415.951
415.949
416.406
417.611
418.569
419.693
419.713
418.454
418.538
419.203
419.868
420.535
421.708
398.535
400.017
403.041
404.553
404.149
403.679
403.799
403.665
403.572
403.465
403.173
402.389
401.480
400.149
397.295
393.501
388.832
382.870
375.487
366.538
355.793
345.135
336.699
329.413
322.127
314.841
307.555
300.269
292.984
285.698
278.412
271.126
263.840
256.554
249.268
241.983
234.697
227.411
220.125
213.066
207.968
205.576
204.315
203.236
202.141
178.000
178.598
178.968
178.763
178.475
178.697
180.167
182.539
195.608
184.127
184.140
195.106
195.089
194.825
195.194
195.508
195.368
195.362
195.305
194.996
194.104
186.064
183.367
181.006
180.337
180.677
180.050
177.805
176.161
174.839
174.689
174.730
170.640
163.517
155.585
147.622
139.658
131.695
123.731
115.768
107.804
99.841
90.892
79.897
68.288
57.517
46.933
36.676
28.611
22.707
19.086
18.177
17.513
16.231
15.014
13.798
12.581
11.364
10.148
8.931
7.715
6.498
5.286
4.279
3.750
3.605
3.496
3.625
5.488
6.555
6.561
9.279
13.260
16.956
20.965
26.287
33.087
41.444
52.184
64.927
78.670
93.050
107.470
120.910
133.439
145.203
155.793
164.426
171.888
178.620
196.956
194.653
192.990
192.128
192.019
190.000
190.000
190.000
190.000
190.000
190.000
190.000
190.000
190.000
190.000
190.000
190.000
190.000
190.000
190.000
190.000
190.000
190.000
190.000
193.102
193.577
193.276
190.000
190.000
193.772
195.588
196.217
195.815
195.771
195.802
195.542
195.370
195.376
195.175
194.762
194.380
194.599
195.063
194.861
195.037
196.116
197.289
197.854
197.853
197.853
197.852
197.851
197.850
197.849
197.848
197.847
197.846
197.845
197.844
197.844
197.843
197.842
197.841
197.840
197.839
197.940
198.715
200.577
202.798
205.341
208.026
211.554
216.718
222.726
230.594
240.765
252.116
265.107
276.919
287.081
299.348
312.681
323.680
332.597
341.549
350.501
359.334
367.015
373.876
382.333
390.744
396.089
422.480
420.503
419.968
421.188
421.469
421.649
421.632
421.702
421.377
422.338
424.374
426.214
426.913
426.414
427.247
428.552
431.704
438.355
447.259
457.774
470.051
483.971
498.996
514.089
528.334
542.174
555.412
567.811
579.225
587.615
591.706
593.504
593.851
593.342
593.245
593.478
595.013
596.803
597.452
597.072
596.508
597.212
597.918
598.487
599.275
599.063
598.313
598.087
598.400
598.547
598.072
597.790
597.518
597.053
597.155
597.690
598.344
598.151
598.617
599.676
600.000
600.000
600.000
600.000
600.000
600.000
600.000
599.473
598.580
595.911
591.696
588.067
586.416
584.359
578.916
571.003
561.071
549.125
535.772
521.262
507.963
496.294
484.019
471.685
460.650
451.223
442.542
434.805
429.384
427.653
428.597
429.543
429.524
429.429
428.765
427.116
425.496
423.794
421.798
420.558
420.098
419.654
419.315
418.188
416.539
415.455
414.760
413.883
412.613
411.411
411.609
412.405
412.193
411.369
407.462
405.559
405.001
404.828
404.120
403.098
400.800
396.578
392.318
389.097
385.378
380.358
374.256
366.176
355.016
342.956
330.151
316.137
302.126
288.213
274.907
262.359
250.627
239.504
229.150
222.488
219.766
218.021
216.276
214.531
212.787
211.042
209.297
207.552
205.808
204.063
202.318
200.573
180.311
181.538
182.681
183.363
183.902
184.237
184.033
184.352
184.891
185.221
185.623
185.450
185.245
185.588
185.636
184.665
182.127
180.331
180.734
180.232
178.092
175.300
171.064
165.765
159.538
151.082
140.828
129.956
119.934
111.889
102.089
89.092
75.605
61.968
48.562
35.858
25.055
17.890
12.876
8.488
5.488
4.610
5.108
5.640
5.680
4.011
2.102
1.728
1.932
2.165
1.905
3.349
5.958
6.707
6.932
7.275
7.374
7.494
7.615
7.752
7.877
7.877
7.926
8.000
7.928
7.892
8.076
7.598
6.578
7.308
8.776
9.769
10.222
9.631
9.129
8.150
7.510
10.129
13.181
14.277
14.828
14.777
15.426
18.197
20.602
23.714
27.976
32.348
37.390
43.527
51.592
59.376
64.939
68.243
73.139
82.252
93.589
105.961
118.931
131.415
143.506
155.191
165.809
174.303
201.449
201.073
201.286
201.557
201.709
202.284
203.774
204.972
205.401
205.067
204.168
203.209
202.390
201.914
203.014
205.612
207.159
207.843
208.916
209.423
208.757
207.655
206.325
204.583
202.945
202.175
202.105
202.152
203.513
206.431
209.616
212.727
216.080
219.893
224.364
229.865
236.638
245.149
255.651
265.542
273.570
283.136
294.840
307.763
321.897
335.574
348.381
361.030
372.350
382.284
390.080
394.339
425.842
424.877
423.317
421.926
420.234
418.507
416.751
414.098
412.726
414.586
415.219
416.132
420.397
423.039
424.163
425.449
427.503
429.056
429.157
428.778
428.116
427.778
427.184
426.853
427.495
427.794
427.500
427.707
431.975
439.478
446.645
452.661
457.837
458.572
457.560
460.786
465.005
468.905
472.553
474.848
476.142
477.707
480.436
483.769
488.170
494.755
502.201
509.752
518.835
529.229
539.862
551.099
562.233
572.842
582.303
588.470
591.978
594.007
594.144
593.309
592.289
591.649
591.617
592.798
594.542
594.735
595.232
596.545
597.260
597.388
597.671
598.159
597.742
597.267
597.289
597.763
598.004
596.718
593.696
591.342
589.075
586.390
586.492
588.132
588.556
588.421
588.035
585.144
582.731
583.226
584.107
585.301
585.660
585.341
585.549
585.651
585.762
586.778
588.181
588.877
589.225
589.212
589.027
589.003
589.060
589.056
588.992
588.986
588.930
588.565
588.135
588.229
590.233
591.316
589.827
589.251
589.616
590.056
590.042
589.649
589.542
589.345
589.083
588.910
588.096
587.116
585.334
582.099
580.244
581.160
582.463
582.672
582.573
582.450
582.327
582.204
582.081
581.833
579.564
577.193
577.134
577.292
578.436
579.775
579.265
578.926
579.439
580.367
581.462
581.981
582.191
582.286
582.264
582.331
582.757
584.099
585.827
586.308
586.298
585.542
581.601
578.600
580.821
582.301
581.219
578.394
571.610
561.832
549.744
536.545
522.896
510.376
500.025
489.214
477.741
466.334
454.858
444.229
435.150
429.901
428.918
429.135
429.436
429.040
427.209
425.446
424.067
422.568
421.146
418.824
416.614
404.083
404.007
402.073
399.884
397.755
394.066
389.683
386.245
382.087
374.917
365.625
355.181
343.635
330.312
315.724
301.856
288.634
274.782
260.972
248.333
238.577
232.686
228.686
224.687
220.687
216.687
212.687
208.688
204.688
178.710
180.808
182.138
182.597
182.683
183.769
185.326
185.114
183.423
182.159
181.857
182.467
183.076
183.631
183.668
182.388
180.302
178.530
176.465
174.478
173.221
170.361
165.375
159.164
151.507
143.158
133.424
122.127
110.550
98.832
86.991
74.745
62.136
49.516
38.193
30.137
24.174
20.006
19.392
21.055
21.697
20.467
19.190
18.441
17.802
17.162
16.523
15.836
14.029
12.669
12.803
12.821
12.523
11.999
11.461
10.263
8.662
7.830
7.899
7.832
7.095
6.254
6.112
5.764
5.156
5.086
4.979
5.055
5.441
5.972
6.503
7.034
7.481
7.603
8.125
9.533
11.332
13.197
15.445
19.526
25.231
32.474
39.768
46.444
55.310
65.477
76.315
89.536
103.999
115.681
125.838
137.976
150.763
162.353
172.163
179.459
197.896
198.040
198.207
198.077
197.710
196.459
195.114
194.480
194.522
194.985
195.423
195.273
195.116
195.782
196.202
195.954
196.242
196.655
196.474
196.641
196.881
196.714
196.353
195.826
195.652
195.514
195.395
195.524
195.746
195.570
194.962
194.544
194.245
194.292
194.772
195.397
195.204
193.989
193.677
194.340
194.302
194.313
194.591
193.936
194.955
197.824
200.718
204.675
208.816
211.272
214.207
219.036
224.880
233.342
245.282
259.276
275.118
292.112
305.742
316.305
327.855
340.390
352.886
364.425
374.711
384.236
391.937
396.843
421.829
421.678
422.129
421.930
422.515
424.095
424.883
424.837
424.765
426.496
428.075
427.233
427.823
432.397
438.651
443.890
450.061
459.580
471.951
486.414
501.367
516.183
530.754
544.329
556.837
568.697
578.814
586.101
590.582
593.336
594.896
595.745
596.266
596.432
596.316
595.908
596.727
598.384
598.628
597.968
597.628
598.291
599.611
600.000
599.984
600.000
600.000
600.000
598.914
597.189
595.901
595.536
595.216
594.299
593.570
593.417
592.988
592.334
591.603
590.250
589.201
588.686
589.049
590.075
590.476
590.545
591.187
592.457
593.372
593.494
593.496
593.526
594.335
595.530
596.865
598.108
598.306
598.296
598.314
598.279
598.346
598.269
597.627
597.221
597.920
598.287
598.208
598.151
597.512
597.178
596.714
596.022
595.928
595.694
595.372
595.003
594.641
593.236
590.860
589.743
588.944
587.617
586.843
585.995
584.327
584.053
582.747
577.696
572.964
570.404
569.029
567.593
565.448
563.088
560.044
556.918
554.478
553.434
554.584
555.346
554.492
552.509
547.575
539.397
529.335
517.568
504.212
490.559
477.343
464.498
452.984
443.345
435.499
429.623
426.029
424.831
424.608
423.877
422.610
421.936
420.677
418.859
418.975
419.670
419.611
418.985
402.658
400.037
396.126
391.996
388.477
386.601
385.574
384.650
383.966
383.344
382.723
382.102
381.481
380.926
380.635
379.666
377.833
376.015
374.196
372.377
370.558
368.740
367.108
364.635
359.757
352.816
345.354
337.504
328.328
316.742
302.952
288.016
272.252
256.648
242.285
231.747
224.652
218.005
211.358
204.710
179.116
180.647
181.641
182.546
183.044
183.525
183.744
183.293
181.500
178.525
177.567
180.324
182.582
182.292
181.797
182.974
185.529
187.468
191.267
191.140
191.431
191.495
191.533
191.621
191.684
191.412
187.760
186.486
186.237
185.716
185.890
186.064
185.819
185.743
185.796
186.008
185.528
183.796
181.886
181.225
181.573
181.583
181.538
181.759
182.004
182.353
182.442
182.333
182.153
179.111
174.633
172.586
169.363
162.845
155.217
147.566
140.501
132.760
123.369
112.938
102.148
93.223
84.926
74.414
62.105
48.922
36.497
25.688
17.709
12.423
7.976
5.090
4.613
5.844
7.238
8.329
9.489
9.076
6.251
5.638
8.332
10.288
10.014
9.773
10.676
11.817
13.390
15.054
15.958
15.553
15.280
16.278
19.485
22.809
23.609
23.420
24.265
25.160
24.995
24.729
24.464
24.198
23.933
23.652
23.274
22.808
22.710
22.482
23.102
25.997
27.620
30.361
36.213
44.869
56.953
68.210
75.122
82.162
93.882
106.720
118.441
130.132
142.570
154.409
164.507
172.174
202.833
202.159
201.673
201.002
199.973
198.505
197.465
197.015
196.937
197.421
197.006
195.660
194.858
194.541
193.997
193.809
193.906
193.512
192.980
193.117
194.168
195.048
195.344
195.268
194.810
194.733
194.703
194.161
193.980
193.971
194.196
195.059
196.111
197.589
199.619
201.675
203.737
205.799
208.249
211.340
214.925
217.544
220.283
224.864
229.437
235.943
244.766
253.951
264.540
277.145
292.568
307.896
320.366
332.128
344.264
355.747
365.293
373.450
381.821
389.275
394.294
424.971
424.163
423.237
423.117
423.783
423.916
423.011
423.304
424.621
424.570
425.295
425.651
424.776
427.117
430.747
435.052
442.148
451.634
462.104
474.054
489.110
505.710
521.657
536.054
548.915
560.661
571.406
579.005
582.441
583.973
585.504
587.763
590.231
591.933
592.734
593.104
593.810
593.708
592.566
590.923
590.293
590.851
590.820
591.321
591.638
591.859
593.596
594.988
595.342
596.255
597.363
597.851
597.482
596.471
594.918
593.009
591.977
591.712
591.545
591.765
592.825
593.581
594.043
594.537
594.677
594.530
594.398
594.378
594.356
595.079
596.114
595.399
593.844
592.595
591.511
591.186
590.591
589.825
588.972
588.451
588.786
589.537
590.085
589.871
589.409
588.491
585.639
582.526
578.586
572.314
564.552
554.341
542.856
532.825
527.426
525.696
523.812
521.947
517.405
507.427
494.553
481.028
468.259
456.875
446.379
436.581
429.130
424.593
422.295
422.054
421.963
421.469
421.210
420.781
420.681
420.518
420.058
420.021
418.424
415.943
404.519
404.131
403.878
403.095
401.211
398.605
396.904
394.048
389.860
385.028
380.003
373.695
365.300
356.387
347.176
336.053
322.298
306.668
290.921
276.798
266.268
258.607
251.353
244.932
239.528
235.463
233.073
231.160
229.048
226.100
223.110
220.374
217.138
213.257
208.575
203.871
199.288
196.001
195.353
195.306
195.237
195.418
184.359
184.553
183.567
183.219
194.662
194.661
194.488
194.186
194.039
183.088
181.177
180.742
177.762
175.083
172.703
167.655
160.964
153.864
145.885
137.356
128.499
117.976
105.920
93.381
80.263
66.338
52.653
39.810
29.551
22.403
15.107
9.100
7.166
6.647
6.273
6.267
6.155
6.040
5.879
5.777
5.089
4.610
6.265
7.332
6.732
6.716
7.183
7.702
8.221
8.741
9.254
9.912
10.943
12.313
13.822
15.262
18.092
21.581
23.333
25.848
30.305
35.027
38.945
41.653
42.764
41.950
41.234
41.553
42.404
46.007
50.537
53.080
54.618
55.754
59.780
67.837
77.351
82.764
85.058
92.245
103.791
115.444
126.425
137.413
148.599
159.231
167.977
174.196
202.963
202.713
202.444
176.648
176.223
176.799
178.243
180.002
198.724
199.429
200.403
199.883
199.182
199.100
198.960
180.266
179.979
179.969
180.483
197.629
197.345
197.193
182.644
182.217
183.058
183.942
184.015
184.363
184.710
184.542
184.521
184.953
185.498
185.856
186.086
186.263
186.070
185.945
186.081
186.120
186.182
186.310
186.471
186.742
186.939
186.483
185.720
185.504
185.675
185.737
185.781
185.853
185.812
185.846
185.732
185.618
185.848
185.968
185.977
186.097
186.192
186.177
185.844
185.179
184.873
185.092
185.346
185.124
184.990
185.184
185.204
185.239
185.151
185.136
185.281
185.413
185.558
185.666
185.688
185.464
184.899
184.605
184.729
185.398
185.739
185.201
184.738
184.210
183.831
183.927
184.171
184.748
185.665
185.496
184.577
184.065
183.825
184.007
184.399
184.548
184.494
184.427
183.979
196.731
199.467
201.892
201.523
199.753
198.811
197.840
181.925
181.515
199.574
201.028
199.411
198.008
197.841
197.830
197.483
196.771
196.087
197.559
201.242
203.416
203.317
202.942
202.902
203.204
203.780
204.568
205.119
205.568
206.314
206.127
204.967
204.066
203.581
204.649
207.377
209.962
211.164
210.405
208.851
207.416
207.254
209.988
212.643
215.167
218.941
222.679
226.342
230.328
234.003
237.066
239.391
240.222
238.980
237.722
236.892
235.429
234.747
234.431
234.435
235.861
237.756
239.438
240.883
240.823
240.729
242.858
246.069
246.871
246.049
245.430
244.944
244.278
243.482
243.162
243.163
243.246
242.894
243.630
245.443
247.116
249.288
251.477
254.007
256.049
258.473
260.438
260.036
260.610
265.039
273.004
280.511
286.103
293.827
305.651
318.380
329.219
338.172
345.642
351.721
355.288
356.962
358.632
360.301
361.970
363.436
364.467
364.357
362.914
359.487
359.085
360.695
362.348
366.598
370.791
375.100
379.514
383.970
389.699
395.449
399.066
420.536
417.931
418.433
421.251
421.387
421.625
421.936
422.494
421.492
420.528
423.478
426.827
427.931
430.167
435.570
442.870
450.356
457.955
467.172
479.041
492.718
503.430
510.745
518.817
526.220
532.534
538.908
544.276
549.854
557.000
564.939
572.627
579.815
585.516
589.264
591.631
593.726
595.103
595.301
596.069
597.183
598.143
599.112
600.000
600.000
600.000
600.000
600.000
600.000
600.000
600.000
600.000
600.000
599.972
599.694
599.146
597.074
595.028
592.652
589.600
588.675
589.224
589.517
589.017
586.026
580.081
571.939
561.937
550.080
538.693
529.035
517.717
504.191
495.549
489.251
478.509
466.256
454.312
442.961
432.551
424.102
418.968
418.969
420.441
419.559
418.236
417.183
416.185
415.348
415.504
416.307
417.371
418.007
418.136
402.980
400.686
397.756
394.486
389.500
384.508
380.275
375.589
370.705
366.625
363.070
358.104
349.222
337.274
324.511
311.806
299.125
286.666
274.591
262.334
250.347
240.608
235.187
232.557
230.562
229.048
228.144
228.407
229.626
230.388
230.583
231.282
231.044
230.335
232.156
234.720
235.910
237.619
238.106
237.378
238.680
241.246
243.926
246.885
249.782
252.702
256.557
261.784
267.336
268.985
268.592
269.079
268.090
264.595
261.111
262.532
266.271
268.058
268.515
268.327
268.937
269.801
268.750
266.565
264.710
263.403
262.738
262.560
260.689
257.381
255.083
252.830
250.591
249.297
245.856
240.641
235.416
230.635
226.854
223.023
219.128
215.232
211.337
207.441
203.545
199.636
196.571
195.308
194.458
194.563
183.877
183.829
183.097
181.890
180.787
180.235
180.346
181.289
182.460
183.161
183.353
183.337
183.006
182.258
179.203
174.521
172.527
172.549
171.033
167.860
163.016
156.838
150.302
143.080
135.147
126.094
116.737
107.766
97.367
85.346
74.223
63.485
51.933
40.641
31.961
26.751
22.765
19.575
17.222
15.573
14.675
13.891
13.108
12.325
11.541
10.758
9.975
9.191
8.408
7.612
6.714
6.468
7.515
8.294
9.605
10.029
11.086
15.514
17.996
20.102
24.563
29.917
35.868
41.297
45.610
50.025
54.835
60.046
64.834
69.626
77.912
90.197
104.572
118.419
130.790
141.566
151.483
160.313
166.791
171.562
174.041
174.496
174.740
175.431
175.914
176.269
176.720
177.231
177.668
177.737
177.996
178.448
178.886
199.856
200.739
200.666
200.313
201.262
201.515
201.617
202.947
203.290
202.810
202.375
202.600
203.319
203.049
201.914
201.229
201.373
201.652
201.542
201.428
201.321
200.950
200.721
200.699
200.613
200.565
200.590
200.783
201.258
201.703
201.486
200.760
178.807
178.827
179.071
179.987
199.266
198.571
197.724
197.099
197.058
197.494
197.887
197.899
197.756
197.702
197.653
197.408
196.907
182.632
182.229
182.143
182.672
197.232
198.259
199.800
200.980
201.189
201.491
201.827
201.926
202.351
202.621
202.411
202.307
202.998
203.357
202.477
202.146
202.147
201.937
202.162
202.507
202.883
203.665
204.415
205.199
204.875
203.611
202.987
202.313
201.970
202.448
202.707
202.002
201.386
201.590
201.404
200.880
201.081
202.661
205.166
207.482
209.312
210.284
210.347
210.047
209.766
209.484
209.203
208.922
208.641
208.415
206.671
204.418
203.738
203.407
203.002
202.874
203.046
203.621
204.188
204.398
204.443
204.550
206.902
210.212
211.090
212.825
216.007
218.274
220.061
220.575
220.265
220.683
221.630
222.780
224.180
226.353
228.448
228.498
227.941
229.815
233.634
235.860
237.317
241.314
247.165
253.141
257.443
259.445
262.443
268.531
277.831
289.787
303.271
316.847
329.888
343.030
355.796
367.878
379.097
388.545
395.205
421.983
421.380
421.305
420.803
420.666
420.733
421.472
423.036
423.584
423.171
422.830
422.732
423.524
424.789
425.993
426.430
425.854
426.593
428.106
429.196
430.429
431.537
433.097
437.134
442.503
448.572
456.766
465.791
476.358
489.108
502.725
516.352
530.423
544.380
557.361
569.484
580.091
587.672
590.103
589.308
589.107
589.007
590.103
592.704
593.807
593.839
594.634
595.876
597.017
598.020
597.546
596.202
595.008
593.599
592.481
591.856
591.238
590.171
589.514
589.075
588.449
586.350
583.157
580.121
575.475
569.575
564.490
560.367
557.252
556.321
555.234
551.113
543.992
535.332
525.199
513.081
499.991
486.821
473.850
461.263
449.848
439.613
431.122
425.457
422.387
421.615
421.307
420.406
419.676
418.587
416.300
404.970
416.406
417.312
402.929
400.073
396.540
392.240
386.203
379.710
373.530
366.768
359.103
349.412
338.039
326.642
315.245
303.849
292.421
280.580
268.248
256.249
245.600
236.639
230.026
226.265
224.203
222.427
220.527
218.685
217.272
216.037
214.599
213.631
213.160
212.592
212.142
211.684
210.997
210.241
209.475
169.529
168.890
168.584
168.427
168.248
168.074
167.899
167.724
167.550
167.375
167.200
167.025
166.851
166.676
166.501
166.327
166.152
165.977
165.802
165.628
165.453
165.076
164.373
162.963
159.602
155.817
154.534
152.624
148.900
144.925
140.610
137.410
135.096
131.689
127.474
122.600
116.462
109.602
102.824
96.000
88.519
81.749
74.281
64.421
53.362
42.233
32.039
22.843
16.112
12.361
9.775
8.376
7.587
6.599
6.862
7.325
6.603
5.737
5.522
6.617
8.093
8.924
9.664
10.957
11.313
10.217
10.774
14.570
18.056
19.578
22.322
27.719
34.188
39.605
43.071
45.449
48.510
52.848
59.891
68.587
78.342
91.258
105.719
119.075
131.453
143.643
154.751
163.920
170.091
205.906
205.984
205.984
205.938
205.927
206.431
206.785
205.525
204.038
203.521
203.305
203.090
203.096
203.154
202.524
201.887
201.939
201.911
201.298
200.134
199.210
199.063
200.624
202.937
203.413
202.846
202.445
202.063
201.681
201.300
200.918
200.536
200.154
199.792
199.591
199.351
198.990
198.696
198.624
198.961
199.112
198.681
198.823
199.959
200.230
199.959
200.060
200.047
200.119
200.234
200.456
200.779
201.110
201.442
201.773
202.104
202.435
202.767
203.098
203.429
204.006
205.374
206.686
206.959
206.377
204.958
203.614
202.505
201.317
200.472
200.153
199.952
199.891
200.283
200.750
201.218
201.685
202.153
202.620
203.088
203.555
204.025
204.378
204.393
204.176
204.923
205.714
207.093
209.703
210.776
210.898
211.284
211.631
214.015
218.554
222.869
225.262
225.558
225.318
225.774
226.115
226.085
226.329
226.186
228.577
233.654
236.043
235.371
234.403
233.508
232.760
234.495
237.581
239.383
240.831
243.109
246.223
249.540
252.391
254.213
255.832
258.352
260.705
261.646
261.378
260.946
261.061
261.434
262.985
265.536
268.171
270.659
273.163
276.798
281.190
285.288
289.025
293.607
301.139
310.065
318.793
328.291
338.326
348.360
358.677
368.518
374.489
375.587
375.379
375.707
376.115
376.524
376.932
377.340
377.748
378.156
378.564
378.961
379.542
380.402
381.243
381.953
382.631
380.813
377.810
377.243
377.050
376.823
379.241
380.887
379.878
375.733
369.084
364.311
360.313
355.828
352.009
351.262
351.591
350.929
349.674
346.738
343.297
340.630
337.794
333.165
326.701
319.389
312.187
303.330
293.384
285.142
278.573
273.387
269.085
266.224
264.199
261.847
260.299
260.262
261.418
262.600
262.947
262.919
262.504
262.154
261.843
261.618
261.599
261.630
261.972
262.371
262.848
263.142
262.495
261.529
261.439
262.529
263.783
264.190
264.821
266.155
266.098
262.724
258.968
256.849
256.061
255.291
251.456
245.278
239.146
232.673
225.824
220.626
218.085
215.602
211.652
207.411
204.065
201.797
199.957
180.902
182.117
181.607
181.349
182.057
182.063
182.593
183.205
183.318
183.381
183.380
183.329
183.425
183.631
183.789
183.896
196.032
196.754
197.644
197.927
197.807
197.861
197.667
197.521
197.500
197.457
197.490
197.816
198.372
198.649
180.122
176.647
176.021
179.062
180.855
181.397
182.031
181.857
181.654
181.810
181.824
181.837
181.789
181.997
182.281
182.381
182.555
182.613
182.720
183.964
185.996
186.956
186.756
186.158
185.867
186.150
186.322
186.585
187.379
187.827
187.718
187.655
187.583
188.392
190.000
190.000
190.000
190.000
190.000
190.000
190.000
190.000
190.000
190.000
190.000
190.000
190.000
190.000
190.000
190.000
190.000
190.000
190.000
190.000
190.000
190.000
190.000
190.000
190.000
190.000
190.000
190.000
190.000
190.000
190.000
190.000
190.000
190.000
190.000
191.233
192.444
193.656
194.751
195.653
196.393
196.813
196.940
197.272
197.677
197.738
197.589
197.569
197.579
197.690
198.257
199.199
199.783
199.659
199.387
198.810
197.338
195.386
194.435
194.388
193.866
193.498
193.993
194.190
194.044
193.973
193.820
193.834
193.890
193.893
193.945
194.037
194.029
193.941
193.901
193.905
193.728
185.998
184.818
184.371
184.682
194.964
194.556
194.710
194.398
186.007
185.873
186.030
185.983
185.482
185.382
185.565
185.715
186.131
186.819
186.699
185.341
183.963
183.508
183.431
183.338
183.328
183.324
183.320
183.302
183.921
194.714
194.540
194.861
194.634
193.746
193.053
193.073
193.294
193.209
193.028
192.921
192.500
192.232
192.703
193.357
193.766
194.191
194.606
194.640
194.547
194.307
194.312
194.715
196.203
198.287
199.738
201.616
202.505
202.245
201.903
203.415
206.230
206.561
205.529
204.787
204.279
203.741
203.202
202.566
201.743
201.385
201.568
201.732
177.544
177.478
177.492
177.437
177.297
203.771
204.429
202.896
202.766
203.517
204.206
204.796
205.110
205.203
206.030
208.763
210.776
210.476
210.514
209.694
207.545
206.389
206.260
208.664
212.056
214.130
218.197
223.913
227.776
231.793
236.459
238.727
239.171
238.985
238.708
239.219
239.878
239.280
238.678
241.636
248.333
258.150
269.417
281.323
294.556
307.280
319.018
330.498
341.437
351.227
360.566
370.425
380.551
389.084
394.751
424.431
424.064
424.391
425.123
425.345
424.991
424.633
424.354
424.150
424.167
423.769
423.798
425.722
427.428
427.663
428.150
428.781
429.475
430.668
432.376
434.219
436.156
440.256
447.293
455.133
463.156
471.186
478.623
483.708
489.057
499.345
512.730
525.791
536.966
543.135
544.113
544.708
546.189
547.908
551.766
557.610
563.265
566.957
568.457
569.011
569.399
569.843
570.179
570.421
570.790
571.209
571.084
570.650
570.126
569.797
569.868
570.067
570.588
571.543
572.190
572.241
572.227
572.537
574.021
577.807
582.307
586.067
590.259
593.751
595.453
596.019
594.526
593.304
593.903
594.502
595.238
596.120
596.140
596.327
597.011
597.193
596.988
596.154
595.475
594.576
594.019
595.005
596.005
596.104
595.363
594.265
594.015
594.483
594.789
593.760
591.797
590.697
590.659
591.871
592.472
591.834
591.429
591.160
591.104
591.003
590.943
591.102
590.928
590.766
590.922
590.925
590.916
590.894
590.690
590.486
590.439
590.497
590.257
589.307
587.823
585.781
583.676
581.271
578.623
577.355
576.254
575.629
575.888
575.858
576.028
576.167
576.219
575.986
575.657
575.717
575.843
576.193
576.327
575.977
575.964
576.159
576.209
576.034
576.015
576.781
577.352
577.131
576.745
576.601
576.671
576.676
576.679
576.490
576.098
576.180
576.592
576.880
576.881
576.464
576.571
576.808
576.824
577.272
577.795
577.241
576.464
576.644
576.729
576.806
576.677
576.238
576.251
576.533
576.516
576.750
577.311
577.221
576.716
577.413
578.349
577.693
577.299
576.894
576.342
576.406
576.172
576.139
576.591
577.436
577.981
577.803
577.943
578.286
577.291
575.254
573.649
573.193
573.129
572.592
571.448
569.838
570.292
570.917
568.514
566.855
567.050
567.261
567.472
566.977
565.112
562.305
557.213
550.748
546.261
544.736
544.989
544.075
540.578
536.142
530.859
523.666
518.273
515.959
515.590
517.161
518.773
520.011
519.622
517.197
514.073
509.768
504.280
500.627
498.665
493.726
485.493
475.882
465.575
455.789
446.828
438.686
431.620
426.345
422.883
421.508
421.386
421.303
421.094
419.990
417.471
415.608
404.417
402.531
399.915
396.574
392.084
387.574
383.228
378.510
374.049
369.356
362.612
353.431
341.864
328.986
315.875
302.781
289.751
276.203
262.052
248.108
235.870
225.443
215.483
206.122
199.852
181.363
182.646
182.128
181.273
182.136
182.634
182.349
181.431
179.883
179.482
179.483
176.435
172.249
168.303
162.825
156.082
149.071
141.749
132.814
121.782
109.125
96.285
84.293
72.752
60.808
48.372
35.562
23.813
16.262
12.015
9.324
8.031
6.803
5.946
5.726
5.679
6.331
7.528
8.715
9.903
11.090
12.278
13.465
11.555
9.270
10.919
14.250
17.536
21.800
27.877
35.735
45.327
56.306
68.992
82.503
95.876
109.045
122.708
135.948
147.698
157.207
164.235
170.559
175.958
177.995
178.597
179.878
181.416
183.695
185.582
185.634
184.601
183.518
183.149
183.641
184.459
185.479
185.954
187.051
187.855
186.149
184.243
183.883
184.076
184.388
183.987
183.008
183.157
183.676
184.316
185.342
185.098
184.690
185.264
185.375
185.390
185.224
184.478
183.923
183.640
183.464
183.275
182.938
182.884
182.941
182.875
196.013
196.285
196.566
197.383
198.093
198.711
199.652
200.399
200.758
200.877
201.592
203.514
205.200
205.590
206.707
209.812
213.919
216.986
219.164
221.226
223.350
227.567
230.463
233.183
240.014
248.273
258.163
270.114
281.909
293.032
304.355
315.340
324.776
330.852
334.851
340.433
349.154
358.534
366.187
371.020
374.492
379.331
384.536
389.586
394.189
397.684
400.048
421.581
422.334
422.201
421.057
420.064
418.194
414.962
413.381
413.854
414.611
415.123
417.448
418.277
416.777
418.367
417.969
415.364
418.056
421.032
420.237
420.378
422.473
423.905
425.350
429.815
435.137
440.352
445.527
448.909
452.587
457.219
464.260
474.261
484.842
496.785
510.248
523.939
535.922
546.007
555.898
566.007
575.718
584.026
589.688
593.190
594.217
593.844
594.958
595.712
595.242
594.781
594.570
594.750
595.176
596.216
597.314
597.445
596.064
593.710
592.514
592.349
592.463
593.397
594.984
596.230
596.045
595.081
595.192
596.814
597.336
596.160
594.779
593.474
592.480
590.814
589.064
588.426
587.860
585.173
580.763
576.683
572.180
565.714
561.243
560.740
560.737
560.522
560.260
560.031
559.022
556.141
552.932
550.590
548.556
546.501
545.310
545.322
545.607
545.815
546.094
546.620
547.002
547.939
549.327
550.102
550.149
549.927
549.934
549.911
549.776
549.859
550.014
550.165
549.858
549.857
551.224
552.169
552.134
552.252
552.319
552.175
551.831
551.769
552.037
552.161
552.256
552.172
552.009
551.982
552.124
552.302
552.354
552.309
552.158
551.996
551.883
551.792
551.846
551.861
552.319
552.747
553.511
554.847
555.178
554.814
554.778
554.731
554.709
555.321
554.381
550.257
546.787
545.842
545.202
542.643
537.203
528.480
517.363
505.554
493.950
481.466
467.464
454.337
443.336
434.044
426.253
421.462
419.395
418.823
419.930
422.722
422.488
419.657
418.420
402.690
402.326
401.887
400.115
398.040
396.499
394.220
392.400
390.723
388.869
387.020
384.692
383.170
383.005
383.571
384.765
386.164
386.647
386.008
385.450
385.298
384.986
384.978
385.674
386.178
386.426
386.383
385.887
385.776
385.907
385.834
385.671
385.620
385.747
385.899
386.032
386.164
386.297
386.429
386.540
386.449
386.347
385.868
383.134
380.970
381.830
383.446
382.490
378.922
373.708
366.760
358.720
347.958
334.990
322.557
311.641
300.327
287.963
275.467
262.971
250.475
237.979
225.483
213.018
203.705
199.480
197.984
197.403
181.852
181.785
181.424
180.704
182.636
195.252
195.957
196.820
180.450
178.928
180.451
181.753
182.531
182.710
182.706
182.704
182.837
183.286
183.635
184.010
184.585
185.393
193.107
192.141
187.180
186.885
186.690
185.365
184.192
183.213
182.277
182.367
182.547
182.399
182.548
182.989
183.280
183.448
183.614
183.772
183.749
182.262
178.706
174.160
170.119
167.747
167.501
166.171
161.466
155.337
151.839
151.291
148.027
141.076
132.443
124.093
117.759
111.701
104.111
94.585
85.394
77.001
67.894
58.121
50.517
48.666
48.040
43.469
35.825
27.707
20.980
17.661
16.974
16.402
15.723
15.033
14.382
13.731
13.080
12.429
11.778
11.127
10.481
10.122
10.208
10.457
10.705
11.559
13.710
15.817
17.560
20.510
25.325
30.562
34.288
38.446
43.797
49.344
55.166
62.967
73.489
85.623
99.136
113.250
127.074
140.296
152.652
164.036
173.909
180.077
183.655
194.258
194.186
195.570
196.712
196.760
197.341
197.616
196.655
195.133
194.549
194.445
193.952
194.384
185.426
185.780
186.246
186.397
186.127
186.322
186.360
185.915
185.738
185.992
186.490
193.839
194.152
185.100
184.847
186.316
187.702
192.763
193.087
192.987
186.595
185.686
185.238
185.213
185.627
194.329
194.724
194.925
195.059
195.221
195.366
195.686
195.898
195.671
195.216
194.348
185.879
186.507
187.477
187.554
187.634
188.031
187.817
187.302
186.764
186.466
186.291
186.107
186.387
186.751
186.931
187.135
187.388
187.604
187.720
187.433
186.146
184.917
185.120
185.117
184.499
184.435
184.395
184.368
184.696
184.814
184.404
184.141
184.050
183.800
183.624
183.571
183.457
183.269
183.291
183.733
184.505
185.156
185.593
185.786
186.159
186.722
186.780
186.900
186.822
186.683
187.043
187.367
187.594
187.711
187.741
187.699
187.500
187.300
187.162
186.667
186.330
186.436
186.558
186.302
186.616
187.709
187.854
186.627
185.358
185.856
186.610
185.840
185.412
185.851
185.775
185.090
184.597
184.754
185.108
185.240
185.385
185.626
185.830
185.890
185.655
185.285
185.160
185.330
185.390
185.326
185.214
185.091
185.235
185.491
185.515
185.439
185.495
184.942
183.896
182.969
182.358
182.801
183.547
184.016
184.718
184.130
182.350
181.563
181.298
183.365
193.561
194.085
194.410
184.989
184.066
182.679
181.512
180.778
180.126
179.559
180.033
181.913
183.063
183.122
183.217
183.359
183.348
181.811
178.592
177.314
178.844
179.470
179.379
179.638
179.401
179.311
179.478
179.622
181.340
196.618
197.165
182.443
181.782
181.992
198.341
198.946
180.999
180.293
179.575
179.075
178.907
178.553
178.048
177.740
177.408
177.673
179.336
180.456
180.066
179.289
178.167
176.273
176.537
180.035
182.251
182.560
182.257
181.644
182.420
183.470
183.748
184.000
184.215
184.394
185.319
187.231
191.860
191.122
190.000
190.000
190.771
190.701
190.367
190.000
190.000
189.768
189.556
189.743
190.000
190.000
190.000
190.000
190.000
190.000
190.000
190.000
190.000
190.000
190.000
190.000
189.491
188.342
187.903
188.271
188.237
188.066
187.930
187.256
186.773
186.688
186.242
185.949
185.879
185.675
185.759
187.778
190.448
190.670
190.791
191.126
191.328
190.000
191.286
192.562
193.589
194.255
194.570
194.725
194.970
195.086
195.283
196.779
199.788
201.348
201.810
204.088
208.315
213.194
217.048
219.290
220.603
221.670
222.337
221.931
221.449
220.775
221.136
222.473
223.343
226.369
231.186
235.928
239.370
241.467
245.550
253.743
264.912
277.683
291.232
304.138
316.472
328.278
339.166
349.894
360.638
370.829
378.332
382.118
384.458
386.734
388.102
389.484
430.909
429.145
427.349
426.038
425.462
424.964
424.395
423.771
423.385
423.143
422.932
423.158
422.648
421.830
421.637
421.775
424.628
428.557
430.031
430.833
433.050
437.170
443.175
450.433
459.005
469.258
480.210
491.385
502.908
513.643
523.703
534.555
545.351
553.827
560.027
567.073
575.426
583.093
588.343
591.380
593.262
594.072
594.701
594.904
595.105
596.053
596.494
596.011
595.223
594.580
594.563
594.387
593.714
593.224
592.148
590.795
590.705
591.541
593.513
595.916
597.168
597.130
597.215
597.609
596.079
595.811
597.960
598.958
599.365
599.279
597.966
594.309
589.985
588.239
586.361
582.531
578.316
575.388
573.326
568.853
561.606
553.729
543.372
530.286
516.967
506.389
503.043
503.225
502.828
501.799
499.888
496.904
490.730
482.082
472.316
461.661
451.653
442.185
433.351
427.079
424.048
423.601
423.346
422.244
421.101
419.976
419.472
419.146
417.006
415.112
405.298
405.622
405.136
403.714
401.085
398.620
397.095
395.914
394.872
393.528
390.892
387.418
384.008
380.058
375.553
370.970
366.105
358.942
350.154
341.758
332.887
322.737
311.777
300.625
290.655
285.018
279.924
270.386
258.782
247.899
238.344
229.867
223.829
220.874
219.311
217.984
216.661
215.338
214.015
212.692
211.369
210.046
209.234
209.298
209.830
209.950
209.337
208.451
208.286
208.382
207.615
172.529
172.095
171.481
170.868
170.254
169.282
167.750
166.776
167.342
167.454
165.893
163.731
160.534
156.079
153.141
153.066
153.357
153.358
153.613
152.206
147.164
139.843
134.012
130.126
126.869
124.193
122.014
120.877
118.464
114.165
111.279
109.842
106.646
102.897
102.292
102.641
103.030
104.558
106.220
107.647
109.591
111.723
112.792
112.222
109.911
105.891
101.128
98.118
96.881
95.914
95.094
94.150
91.811
88.853
86.415
85.501
86.680
87.042
86.136
86.033
86.607
87.195
88.461
92.429
92.410
90.728
90.669
89.253
91.402
94.438
95.545
95.920
96.017
94.680
89.370
82.956
79.713
75.419
69.416
62.650
55.040
48.128
41.082
34.050
26.323
18.495
11.606
7.424
6.253
7.062
7.281
5.402
4.073
3.141
2.277
1.894
1.381
1.742
2.688
3.245
3.989
4.789
5.565
6.326
7.087
7.782
8.366
8.716
10.639
14.434
18.684
23.892
30.089
36.204
42.989
52.324
63.653
75.983
89.849
104.847
119.411
132.703
144.762
155.680
164.869
171.560
173.872
173.381
173.284
174.297
175.428
175.853
176.070
176.561
176.627
176.410
177.552
179.278
181.239
182.722
183.686
195.564
195.749
195.778
195.852
195.940
195.700
195.525
195.264
194.859
194.766
194.416
194.158
194.078
193.483
193.172
193.291
193.335
193.437
193.392
186.592
186.513
186.539
186.541
186.591
186.788
186.888
186.914
186.952
186.855
186.464
186.075
186.070
186.181
186.015
185.835
185.728
185.609
185.489
185.462
185.581
185.551
185.548
185.495
185.400
185.437
186.606
192.130
192.584
192.599
192.644
192.880
192.863
192.632
192.625
192.868
193.940
195.096
195.518
195.692
195.661
195.849
195.977
195.869
196.032
195.984
195.876
195.949
197.204
199.733
200.203
199.353
199.050
198.512
197.328
195.847
195.045
195.948
199.009
201.499
202.279
203.857
206.390
209.094
212.153
214.781
215.960
216.683
219.134
221.825
222.485
223.658
227.773
230.113
228.275
227.784
231.337
237.302
245.167
254.721
265.504
278.189
292.206
305.733
318.867
331.302
342.364
352.935
363.517
374.051
383.227
388.537
391.925
395.230
423.856
423.722
423.467
423.042
422.267
421.694
421.801
422.473
422.940
423.258
423.380
423.172
423.841
425.124
426.616
428.613
431.570
436.721
442.754
448.427
454.782
461.494
468.210
475.502
483.952
493.580
504.142
514.783
525.323
535.748
544.824
550.636
554.001
556.080
557.021
557.594
557.984
558.529
558.940
559.225
559.442
559.502
559.103
558.809
558.984
559.132
559.590
560.324
560.414
559.711
558.407
558.046
558.191
558.681
558.181
557.964
559.808
560.958
562.247
563.233
563.154
564.837
569.967
576.322
582.224
586.977
590.070
591.781
592.021
592.489
593.361
593.842
594.729
595.296
595.081
594.182
593.551
594.418
595.772
595.707
595.331
595.203
594.169
593.203
593.106
593.684
594.441
594.407
591.948
587.537
584.583
581.161
574.614
566.929
561.000
557.008
550.028
538.059
523.787
509.521
495.340
480.993
467.483
455.763
445.349
435.506
427.441
421.859
418.577
417.024
416.267
415.462
414.382
413.848
414.231
414.576
413.656
412.087
408.322
406.301
404.352
401.841
399.083
396.761
394.106
392.252
390.993
388.947
386.326
383.538
380.690
377.086
371.150
363.366
355.284
347.846
342.606
339.053
334.389
326.958
317.139
305.846
294.135
282.972
272.018
261.063
250.108
239.154
228.199
217.244
206.416
198.878
196.817
197.138
182.728
183.391
184.269
184.872
185.354
195.117
196.630
197.538
197.552
197.142
196.342
195.254
194.415
193.930
185.103
183.563
182.854
183.143
183.415
183.395
183.388
183.404
183.397
183.535
183.237
182.791
182.936
182.660
181.892
181.348
181.162
181.879
182.846
182.579
181.677
181.138
181.065
181.196
181.354
181.632
181.704
181.314
180.729
179.626
178.787
178.349
177.720
177.694
177.839
177.729
177.250
175.036
172.465
171.524
171.392
170.576
168.748
168.181
169.460
170.729
169.530
165.739
160.735
154.316
148.045
144.086
138.122
128.708
119.720
111.141
102.299
93.719
84.445
74.521
64.140
52.473
41.378
31.303
21.869
14.421
10.095
8.399
7.205
6.660
6.867
6.730
6.342
6.231
6.768
7.675
8.333
9.241
10.075
9.479
8.315
7.817
8.376
9.341
10.047
9.392
9.900
11.813
13.324
15.328
17.216
18.665
19.955
21.990
24.256
26.482
29.323
32.666
37.336
43.346
51.115
60.565
72.418
87.388
103.675
119.007
132.033
144.287
155.623
164.462
170.791
174.209
176.078
177.233
177.921
178.347
201.462
201.377
200.797
199.850
199.441
199.488
199.462
199.710
199.747
198.765
197.758
197.317
196.716
196.198
195.950
195.666
195.618
195.893
196.807
197.435
196.397
194.596
193.883
185.782
185.591
185.699
185.620
185.268
185.091
184.787
184.932
186.028
186.535
186.782
186.916
186.607
186.744
186.490
185.978
186.462
186.808
186.661
186.689
186.532
186.389
186.394
186.373
186.450
186.551
186.579
186.645
186.661
186.602
186.557
186.451
186.344
186.311
186.278
186.184
186.126
186.130
186.108
186.111
186.126
186.273
186.497
186.391
186.199
186.131
186.100
186.141
186.169
186.172
186.248
186.397
186.522
186.575
186.566
186.617
186.571
186.561
186.639
186.581
186.620
186.696
186.638
186.519
186.461
186.464
186.468
186.459
186.438
186.417
186.508
186.829
187.777
189.259
190.960
191.392
190.962
190.696
190.679
188.926
188.500
188.533
188.600
188.664
188.717
188.720
188.758
188.710
188.739
188.954
189.315
190.000
190.000
189.617
187.940
187.939
188.667
188.077
187.668
187.888
187.734
187.838
187.964
187.954
187.955
186.965
185.707
185.809
186.365
186.454
186.557
186.658
186.563
186.443
186.519
186.681
186.830
186.920
186.923
186.926
186.934
186.804
186.525
186.387
186.388
186.458
186.760
186.889
186.558
186.422
186.528
186.503
186.503
186.564
186.685
186.796
186.806
186.694
186.275
185.992
186.602
187.132
186.807
186.538
186.637
186.769
186.752
186.735
186.769
186.765
186.762
186.758
186.754
186.775
186.771
186.976
186.467
184.508
183.901
184.426
184.192
184.251
184.494
184.529
184.611
184.744
184.615
183.272
182.045
182.178
182.418
182.327
182.274
182.283
182.243
182.276
182.273
182.208
182.045
181.883
182.164
182.247
181.552
181.861
183.448
184.706
185.772
186.687
187.279
192.582
193.054
193.838
195.688
197.980
199.559
200.155
200.272
200.622
200.883
201.409
202.219
202.112
201.152
200.051
199.304
199.095
199.314
199.648
199.758
199.810
199.091
197.868
196.800
195.737
194.699
193.901
193.752
193.120
192.713
193.293
193.258
192.853
192.557
192.616
193.378
193.772
193.240
192.823
192.848
192.845
192.825
192.783
192.711
192.668
192.649
192.559
192.406
191.906
191.188
191.337
191.613
191.964
192.727
193.009
193.250
192.194
190.000
190.000
190.688
190.702
190.318
188.993
188.035
187.946
187.902
187.784
187.826
187.953
187.982
187.962
187.954
187.909
187.828
187.783
187.787
187.791
187.795
187.823
188.010
188.124
188.041
188.033
187.915
187.685
187.702
187.780
187.773
187.688
186.794
185.832
186.155
186.667
186.721
187.121
187.333
186.715
185.379
184.335
184.555
184.633
184.425
184.900
185.167
184.995
185.019
185.189
185.224
185.161
185.122
185.156
185.175
184.606
183.928
184.013
184.099
183.901
183.887
183.909
183.870
183.831
183.792
183.753
183.738
183.784
184.194
183.505
180.533
179.117
181.516
183.537
184.244
184.454
183.937
183.422
180.326
177.315
177.793
178.476
178.445
178.919
179.223
179.802
180.328
180.151
180.503
180.707
180.582
180.824
181.102
181.159
181.137
180.955
180.820
181.132
181.345
181.112
180.949
180.941
181.015
181.157
181.183
181.145
180.846
179.955
179.482
181.199
182.919
183.140
183.976
185.556
186.386
187.495
189.083
188.668
187.026
186.596
187.075
187.297
187.470
187.399
187.243
187.377
188.030
189.097
189.041
187.185
185.511
185.470
186.260
186.619
186.529
186.570
186.597
186.687
186.659
186.435
186.386
186.450
186.422
186.222
186.081
186.066
186.061
186.063
186.115
186.241
186.289
185.522
184.065
182.935
182.217
181.261
179.838
179.652
180.569
180.388
180.004
180.203
180.167
179.948
178.390
176.692
176.134
177.033
179.107
180.130
179.881
177.229
173.456
169.608
165.568
160.872
156.831
154.091
151.605
150.979
151.064
148.180
143.292
139.966
137.862
136.580
136.677
136.827
136.961
137.777
138.248
138.784
140.095
141.279
141.815
142.784
143.364
143.338
143.253
142.648
143.003
144.221
144.665
144.400
143.504
142.235
142.293
143.737
144.510
143.572
140.809
137.795
135.250
132.315
128.970
125.726
122.846
120.182
117.269
114.349
112.152
110.868
110.491
109.851
109.237
109.112
108.974
107.758
105.160
102.427
99.722
98.503
98.117
96.005
93.364
91.285
88.388
84.690
81.057
76.979
72.356
67.639
62.687
58.276
54.727
51.261
49.053
49.408
50.846
50.284
47.924
46.622
46.117
44.254
41.312
38.739
36.138
33.326
31.475
29.810
28.098
27.267
26.532
25.557
24.365
22.650
20.767
18.914
17.675
17.415
16.903
14.215
10.927
9.110
7.565
6.044
4.915
4.765
4.635
3.398
2.681
2.968
3.108
3.195
2.978
2.738
4.398
6.187
6.208
6.270
6.809
7.130
6.230
4.422
3.381
3.172
2.977
2.823
2.583
2.333
2.204
2.014
1.898
1.648
1.361
1.594
2.191
2.967
3.758
4.127
4.135
4.561
5.227
5.554
5.841
6.225
6.780
7.170
7.444
7.961
9.201
10.365
11.266
12.328
13.200
14.210
15.159
15.949
16.515
16.821
17.630
18.702
18.685
19.629
22.837
25.940
27.347
28.100
29.398
29.738
29.898
31.156
32.199
32.967
34.126
34.849
34.349
33.468
32.448
31.642
31.406
30.936
30.755
30.996
30.826
30.562
30.149
30.892
33.477
37.089
39.342
40.390
41.254
41.894
43.514
45.086
45.946
47.089
48.177
48.605
48.831
50.111
54.427
57.967
59.059
59.959
61.612
64.018
66.563
70.820
75.949
79.168
81.007
85.259
91.456
96.238
100.027
102.712
102.782
102.295
102.718
103.028
103.344
103.625
103.707
103.680
103.651
103.622
103.593
103.563
103.534
103.505
103.475
103.446
103.417
103.352
102.802
102.187
101.861
101.772
101.706
103.056
103.667
102.417
102.712
104.251
105.049
103.778
102.210
101.455
101.217
100.601
99.288
101.434
106.023
108.250
108.250
107.273
106.305
105.659
105.399
105.090
104.270
103.500
103.219
103.865
105.684
107.671
108.499
109.951
112.936
115.501
117.148
117.503
116.406
114.627
113.122
115.062
117.599
117.876
118.396
118.432
117.670
117.429
118.435
121.279
124.178
125.788
127.699
130.103
132.000
134.098
137.759
141.749
144.881
149.133
155.839
163.353
170.875
176.851
179.790
199.857
200.727
200.788
199.780
199.150
198.826
198.655
198.744
198.400
197.917
197.382
196.379
195.123
193.748
192.583
192.271
192.424
192.296
187.183
186.618
186.415
186.790
187.264
187.667
191.388
192.124
193.101
185.882
185.014
185.040
185.261
185.326
185.660
185.780
185.813
185.983
186.141
186.388
187.171
188.086
188.167
187.812
187.565
187.493
192.205
194.109
197.012
199.798
203.048
207.421
211.526
214.584
217.378
219.833
222.226
226.936
232.962
239.262
248.045
259.315
272.647
287.853
303.443
317.943
331.733
345.194
358.673
371.907
382.715
389.741
394.797
399.080
420.804
421.146
421.289
421.775
422.441
422.988
422.585
422.027
422.540
423.161
422.312
419.904
417.113
417.925
419.664
417.162
414.025
413.851
417.861
421.969
424.362
426.732
429.519
434.647
441.241
447.939
455.445
463.744
473.729
485.842
499.221
511.963
521.634
528.459
535.306
542.813
551.382
559.733
566.087
572.202
577.735
581.499
583.624
584.461
584.273
584.399
585.042
585.647
586.422
587.941
589.991
590.304
589.808
589.743
588.675
588.195
589.235
589.810
590.121
590.085
588.926
586.409
584.634
583.363
580.602
577.978
575.302
572.086
567.491
562.374
559.937
555.919
547.060
536.235
523.914
510.508
496.495
481.860
467.080
452.800
440.447
430.323
422.426
417.068
404.728
404.773
404.190
403.788
403.868
404.136
415.896
415.549
415.789
415.330
413.580
407.167
405.302
404.504
403.576
401.171
398.604
396.517
393.947
390.839
386.856
380.452
373.378
367.537
360.560
352.379
344.055
334.470
323.567
312.492
301.416
290.340
279.264
268.189
257.113
246.037
234.962
223.886
213.850
208.197
206.055
203.962
201.758
200.033
198.740
197.614
182.481
182.989
196.094
195.972
184.121
183.838
181.565
179.207
177.636
174.685
170.339
165.285
159.581
153.745
147.103
138.899
128.443
116.782
105.394
92.875
78.915
64.569
50.731
38.057
26.524
17.024
10.401
7.435
8.151
9.547
9.717
8.898
8.315
8.698
8.916
8.487
8.009
7.629
8.776
10.641
10.586
10.382
11.260
12.849
15.662
19.060
23.400
29.476
37.045
46.564
57.724
70.099
83.680
98.868
113.737
126.687
139.837
152.595
163.261
171.852
178.156
181.348
182.446
182.832
182.414
182.552
197.151
197.997
198.780
199.002
198.825
198.483
198.063
198.000
182.173
182.684
182.345
180.468
177.846
175.536
175.464
176.822
177.010
176.881
176.693
175.751
174.859
175.596
175.953
174.122
173.725
174.322
