128.190
128.190
128.190
128.190
128.190
128.190
128.190
128.190
128.190
128.190
128.190
128.190
128.190
128.190
128.190
128.190
128.190
128.190
128.190
128.190
128.190
128.190
128.190
128.190
128.190
128.190
128.190
128.190
128.190
128.190
128.190
128.190
128.190
128.190
128.190
128.190
128.190
124.950
116.947
109.897
106.559
104.588
103.524
103.705
104.228
104.754
105.228
105.527
105.825
106.123
106.421
106.719
107.017
107.315
107.515
107.075
106.302
104.614
100.720
95.269
89.298
84.870
81.037
74.603
66.953
60.604
55.411
50.033
44.916
40.760
37.069
33.366
30.134
27.543
25.093
23.162
22.021
22.081
23.552
24.322
23.106
23.388
24.711
24.351
23.244
22.334
23.726
26.906
28.834
29.956
31.124
31.668
31.955
32.228
32.394
32.537
32.645
33.155
35.747
38.868
40.738
42.961
45.408
48.717
53.144
57.825
63.059
68.397
73.172
76.801
80.329
84.361
88.461
91.305
92.555
94.882
97.660
99.138
99.780
100.371
100.848
101.822
103.026
103.342
105.203
109.119
112.365
113.992
114.977
117.095
119.890
123.039
127.869
133.471
137.823
141.548
145.031
146.641
146.488
145.276
144.650
145.126
145.378
145.665
146.707
147.201
146.634
146.427
145.910
144.543
143.733
143.565
143.892
144.633
144.599
143.570
142.168
141.401
141.113
140.738
140.732
140.871
140.757
140.563
140.309
139.313
137.317
135.033
132.750
130.466
128.232
126.436
124.151
118.768
111.107
103.000
94.719
86.282
78.903
73.468
67.665
61.009
54.601
48.045
41.578
35.839
30.799
26.900
24.126
22.747
21.469
18.367
15.281
13.891
12.897
11.757
10.496
9.248
8.079
7.131
6.270
4.798
4.019
4.333
4.454
4.505
4.680
4.760
4.884
5.006
5.100
5.163
5.447
6.708
7.903
8.143
8.391
9.325
10.347
10.369
9.804
8.339
6.289
5.655
6.932
8.554
8.758
8.788
9.374
9.647
9.797
11.680
16.152
20.126
22.161
23.371
23.796
23.958
23.939
24.896
26.371
26.426
26.189
25.968
24.965
24.925
26.643
27.919
29.532
32.208
34.716
36.494
38.291
40.123
41.192
41.634
40.974
38.721
37.116
36.967
36.759
36.467
36.378
36.376
36.204
35.929
35.790
35.679
35.497
35.405
35.333
35.234
35.155
35.105
35.104
35.104
35.104
35.164
36.110
38.150
39.439
38.919
37.533
36.932
36.959
37.314
39.178
41.993
43.880
46.713
51.845
55.928
58.809
61.496
62.284
60.707
59.847
61.030
61.659
61.336
61.016
60.696
60.376
60.056
59.736
59.416
59.096
58.777
58.457
58.137
57.817
57.497
57.177
56.857
56.537
56.217
55.728
54.233
51.584
48.434
45.590
41.657
35.954
31.725
28.134
23.561
20.451
19.366
18.340
16.406
13.692
11.819
12.065
12.516
11.663
10.517
9.902
9.344
8.802
8.346
8.548
9.893
11.064
11.499
12.086
13.104
13.710
13.361
12.950
12.575
10.742
8.943
8.288
6.697
5.203
4.341
3.255
3.242
3.580
3.438
3.886
4.953
5.622
5.738
5.940
6.105
6.233
6.451
6.878
8.918
12.843
15.547
15.958
15.696
17.070
19.190
19.678
19.802
19.891
19.567
19.198
18.751
17.892
16.188
14.885
14.995
15.575
15.821
16.859
18.341
19.103
19.334
19.058
18.524
19.095
21.765
24.595
26.857
28.199
28.195
29.707
31.699
31.748
33.472
38.542
42.938
45.086
46.467
48.126
51.491
55.279
56.424
59.793
65.581
69.385
72.909
76.857
81.579
86.885
92.867
98.067
101.448
102.583
104.605
109.320
114.717
120.638
126.924
134.182
141.970
148.706
154.619
160.590
166.160
171.543
175.992
178.591
200.043
199.871
199.848
199.600
199.116
198.908
199.987
200.636
200.183
200.901
202.110
202.592
203.162
203.564
203.428
200.782
197.719
196.608
195.733
195.398
195.236
184.329
183.563
182.733
182.048
181.483
180.641
179.922
180.159
180.779
181.902
184.360
185.454
184.927
184.395
183.020
180.569
178.365
177.016
176.793
177.063
176.462
176.510
177.344
177.751
178.416
200.807
201.814
203.868
205.184
204.708
203.624
202.694
203.398
205.110
206.631
207.472
208.011
208.408
208.208
207.843
207.994
208.197
207.690
207.007
207.169
207.953
209.516
212.474
216.847
222.622
227.869
233.154
240.685
251.199
263.191
274.606
285.165
296.265
307.724
317.753
327.448
338.032
349.281
359.794
369.165
377.869
386.503
393.776
422.591
419.097
418.567
418.221
417.441
418.345
418.232
418.220
417.825
417.410
417.425
417.623
417.980
418.706
421.029
422.881
421.631
418.906
417.121
416.863
416.708
415.903
415.263
416.251
417.546
417.658
417.681
417.805
417.138
417.868
420.643
422.461
423.694
425.949
427.544
427.484
428.144
430.772
434.595
438.755
443.352
449.108
455.581
462.945
472.946
485.261
498.257
509.836
518.223
526.770
537.735
549.718
561.387
571.231
579.788
586.968
591.775
594.780
596.223
596.885
597.412
597.723
597.922
597.841
597.622
597.290
597.114
597.107
597.416
597.571
597.671
597.573
595.582
591.146
586.811
584.523
582.858
581.271
580.007
577.713
574.240
571.474
567.382
560.153
550.571
538.967
526.670
514.748
503.389
491.830
480.164
469.168
459.037
449.611
440.272
432.040
426.448
423.221
420.840
418.862
417.054
415.697
415.731
415.728
415.354
415.361
415.699
415.735
415.110
414.625
414.426
414.481
414.510
413.991
413.009
407.328
407.599
412.817
412.826
412.477
412.757
414.316
415.780
414.640
407.230
405.823
403.805
400.677
397.433
395.984
394.811
392.813
392.758
393.970
392.593
390.079
388.453
387.720
387.806
387.286
385.595
384.711
385.277
386.034
386.540
383.516
377.683
372.792
367.508
360.657
353.645
346.833
338.269
327.371
315.298
303.103
292.935
284.192
273.576
261.419
249.226
236.883
224.812
214.509
206.786
175.861
176.296
177.598
178.292
178.208
179.002
179.880
180.270
180.057
179.322
178.402
176.408
173.092
171.601
172.442
173.079
173.568
173.991
173.423
172.013
171.295
171.178
171.258
171.435
171.877
172.687
171.668
168.664
164.653
158.966
151.775
144.272
137.623
131.330
123.400
112.112
98.787
85.457
72.696
60.638
49.150
38.621
29.115
20.463
12.847
7.692
5.365
5.050
6.055
6.606
6.875
7.121
6.452
5.354
4.947
4.885
4.347
3.189
2.120
1.713
1.420
1.343
1.391
1.500
1.656
1.812
1.957
2.025
1.831
1.636
2.112
3.032
3.864
4.869
5.964
6.512
6.931
7.014
4.824
3.631
5.334
6.701
9.690
14.558
18.066
19.953
20.657
21.372
22.279
22.945
23.517
23.615
23.458
23.471
23.468
24.577
25.260
24.572
26.392
29.735
31.899
33.322
34.270
35.651
37.904
41.294
47.420
53.831
58.781
63.694
68.570
71.925
74.339
77.895
81.849
85.617
89.393
92.910
96.730
100.963
103.473
105.135
108.048
111.353
113.900
116.523
120.243
124.651
131.026
139.528
146.778
150.316
150.477
149.656
149.812
150.732
150.412
148.618
147.589
148.451
151.660
156.750
162.769
169.296
175.013
201.884
202.363
202.732
203.068
203.198
203.015
203.124
203.523
203.769
203.962
204.375
204.992
204.663
203.504
203.648
204.566
204.566
203.788
202.276
200.632
199.430
198.488
181.361
180.797
180.288
180.342
180.266
181.309
182.695
182.681
181.573
180.582
180.076
179.926
180.218
180.229
180.322
181.290
182.189
181.633
180.089
178.695
178.362
201.368
202.170
203.003
203.288
204.111
206.298
208.852
212.856
219.857
229.340
240.361
252.489
265.194
278.704
292.872
307.560
323.134
339.125
354.558
368.631
381.257
391.129
424.891
423.302
421.652
420.460
420.039
419.589
419.375
420.168
421.698
423.586
423.587
421.254
419.219
418.475
419.573
422.372
425.445
427.934
430.198
433.599
437.231
441.024
447.214
454.555
463.095
472.507
482.414
493.383
505.224
518.551
532.855
546.893
559.872
571.160
580.885
588.112
591.238
592.159
592.957
593.726
594.220
594.499
594.355
594.351
594.537
594.317
594.097
593.876
593.656
593.051
591.609
590.575
589.433
586.602
583.490
581.346
580.181
577.580
571.798
563.582
552.678
538.759
523.292
507.412
491.119
474.942
459.466
445.377
433.063
423.106
416.641
413.608
413.159
412.753
412.772
413.622
413.906
414.298
414.435
406.083
405.956
406.442
407.386
407.764
407.802
408.279
408.689
408.426
408.078
412.987
414.449
415.109
415.096
414.778
414.218
413.544
414.270
415.023
414.720
414.932
415.611
416.226
416.436
416.537
417.236
418.136
418.504
418.617
418.616
418.627
418.868
419.362
419.108
418.484
418.356
417.784
417.426
418.727
420.624
421.413
421.238
400.154
399.672
399.626
399.533
424.181
427.079
428.345
429.497
430.319
430.962
431.049
429.939
429.340
429.550
429.386
430.014
430.667
430.216
430.222
430.265
429.991
429.882
429.836
430.501
430.706
430.053
430.506
430.618
429.400
428.747
428.962
429.571
430.407
431.398
432.311
432.550
432.548
432.546
432.226
431.729
431.154
431.140
431.938
432.506
432.389
432.069
431.661
431.341
430.958
430.765
430.611
430.330
430.430
431.087
431.314
431.224
430.980
430.603
430.931
433.592
439.421
446.189
452.521
457.392
460.445
463.093
464.602
464.799
465.135
464.821
464.010
463.229
462.110
461.368
461.245
461.147
461.100
461.155
461.606
462.775
465.048
469.013
474.339
482.053
492.123
502.677
513.533
523.493
532.105
540.879
550.413
560.223
569.072
576.123
580.280
581.389
582.080
583.067
584.369
586.569
588.212
588.610
588.513
588.404
589.273
591.249
592.639
593.078
593.394
593.545
592.754
589.767
585.227
581.952
579.816
577.713
575.687
572.131
566.695
558.367
546.385
533.507
522.150
510.911
497.209
482.658
470.031
458.634
448.174
440.646
434.323
428.843
425.533
422.847
420.130
417.726
416.166
415.172
404.784
403.796
404.542
406.407
407.624
408.229
408.696
410.000
408.283
407.176
406.079
405.254
403.580
399.952
394.759
389.321
384.771
379.941
372.646
362.797
353.636
345.470
333.684
317.785
300.638
283.487
266.819
250.087
233.208
217.724
206.534
177.404
178.034
178.918
180.584
181.702
181.707
181.102
179.436
177.391
178.401
181.842
184.144
184.879
184.875
183.400
180.609
177.182
172.832
167.187
159.819
152.269
142.261
127.261
111.818
96.855
81.188
65.154
49.892
35.376
21.867
11.446
5.157
2.985
2.436
1.567
0.559
0.368
0.787
1.273
1.326
1.442
1.690
2.027
3.287
5.616
9.809
13.670
13.918
13.792
15.762
16.817
16.499
18.075
21.440
23.242
23.030
24.194
28.995
36.640
45.691
54.879
64.036
74.503
86.154
98.691
111.661
124.104
135.598
145.706
155.062
163.765
170.820
174.823
176.023
204.325
204.735
204.048
204.098
205.101
206.087
206.244
206.021
206.018
206.091
206.163
206.236
206.883
207.405
207.266
206.829
205.954
204.430
202.153
200.403
199.819
199.805
201.018
204.315
208.419
210.876
211.816
212.085
212.047
212.859
214.399
214.819
214.116
213.410
215.654
221.751
228.976
237.864
250.007
264.949
281.856
299.720
317.740
335.881
352.879
368.012
380.954
389.672
394.713
423.651
422.604
421.648
420.032
418.445
417.858
417.575
417.581
417.699
417.325
416.979
417.675
419.500
422.599
425.482
425.372
422.390
419.727
418.324
417.122
416.349
419.968
426.497
431.903
437.739
445.372
454.355
464.701
476.468
488.631
502.249
516.896
531.974
547.604
562.360
574.907
584.688
592.131
597.063
599.268
599.141
598.367
598.240
597.325
596.166
595.842
595.051
593.366
592.783
594.298
596.696
597.254
595.390
594.507
595.071
595.635
596.199
596.206
594.785
593.751
593.248
589.361
585.078
583.129
581.038
579.136
577.006
574.442
570.651
562.078
547.957
531.197
513.762
496.193
478.935
462.594
448.019
435.361
425.231
418.545
414.677
412.489
411.688
408.191
408.126
407.249
406.559
406.885
407.000
405.912
404.071
402.395
401.805
402.337
402.973
402.875
402.364
401.934
402.646
404.121
405.113
405.521
415.982
416.149
415.303
405.247
403.836
402.381
399.498
395.812
392.487
389.652
387.078
382.962
377.864
370.731
360.204
347.036
331.312
313.668
295.105
275.964
257.099
239.268
223.212
210.303
176.233
177.013
176.925
177.954
179.315
179.633
178.870
177.221
175.396
173.240
172.486
173.035
172.992
171.982
169.929
165.686
157.828
147.273
134.236
118.917
102.858
86.722
71.074
56.640
42.964
30.445
19.311
10.121
4.960
3.405
2.783
2.823
3.288
3.657
3.953
3.963
3.946
3.923
3.905
4.298
6.294
10.832
15.293
18.012
19.142
18.683
19.899
24.269
30.144
36.875
46.470
58.727
71.348
83.530
95.616
108.028
119.462
129.462
138.995
148.847
158.759
167.501
173.839
176.909
201.851
200.851
199.921
198.931
198.181
198.369
200.226
202.101
202.320
201.572
200.676
200.295
200.041
199.306
198.423
197.815
197.799
197.660
197.404
197.260
197.505
200.543
204.352
205.945
206.847
210.511
218.269
228.361
240.629
255.132
271.272
288.505
305.982
322.688
338.732
354.733
369.910
383.104
393.214
422.447
420.509
418.945
417.964
417.894
417.546
416.551
416.255
416.503
416.827
417.493
418.186
418.409
418.595
419.289
420.744
422.820
424.973
426.187
426.328
426.464
427.101
427.891
428.533
430.192
432.052
434.940
440.280
447.615
456.335
466.836
480.307
495.329
510.033
524.647
539.289
551.963
563.956
575.699
585.622
592.146
595.009
596.135
596.435
596.987
597.197
597.167
597.606
597.841
598.933
600.000
600.000
599.240
598.325
596.805
594.790
593.585
594.178
596.712
597.611
596.590
597.771
597.869
594.878
591.560
589.308
589.120
587.922
584.131
581.048
577.612
572.738
566.347
555.566
540.603
523.023
504.163
485.856
469.547
455.329
442.812
432.839
426.402
423.401
422.753
422.156
420.847
421.059
422.390
423.063
423.126
422.172
421.599
420.936
419.028
417.583
417.300
417.476
417.373
417.202
416.977
416.942
417.154
417.367
417.511
416.881
415.318
405.661
405.878
406.899
407.570
407.482
407.645
407.730
404.484
400.218
399.454
400.149
399.568
397.810
425.409
426.480
426.634
426.583
426.625
425.537
424.840
424.064
423.059
422.884
422.770
422.688
421.872
420.364
419.804
420.713
422.225
422.733
398.489
397.401
397.432
396.480
393.105
389.740
385.749
378.697
368.722
356.757
343.545
328.376
311.657
295.415
279.059
261.436
243.683
227.127
213.184
204.231
176.792
177.491
178.552
178.744
178.749
178.530
177.552
175.876
174.099
172.867
171.029
168.906
167.261
165.950
164.079
159.211
150.739
140.189
127.715
113.125
97.541
81.663
65.945
50.518
36.793
25.549
18.028
16.140
16.027
14.747
13.547
12.931
13.496
13.552
11.763
10.016
9.388
9.169
9.131
9.135
9.380
9.988
9.442
7.866
6.923
6.704
6.496
6.374
8.446
13.047
16.152
16.884
17.487
18.090
18.694
19.389
20.216
20.963
21.592
22.221
22.688
22.790
22.856
22.864
22.709
22.830
23.200
23.397
23.443
23.498
23.772
24.304
24.796
24.732
24.227
23.857
23.247
21.893
22.121
23.030
22.448
22.161
22.659
23.620
23.706
23.128
22.561
22.234
22.548
22.840
22.721
22.699
22.084
21.505
21.725
21.801
22.164
22.094
21.675
21.846
22.099
22.028
21.945
22.609
23.421
23.462
23.119
22.611
22.305
22.274
22.345
21.726
20.984
21.486
24.381
29.469
34.598
39.397
45.217
53.190
64.450
78.239
92.087
105.708
119.783
133.595
144.905
154.457
165.121
174.960
199.261
198.932
200.137
201.249
202.098
202.742
203.143
203.128
202.832
202.877
203.229
203.581
204.138
203.767
202.067
200.483
199.393
199.626
202.002
204.867
208.897
214.224
217.345
221.972
232.106
246.508
263.462
281.576
300.453
319.424
338.474
356.809
373.226
386.453
395.159
422.793
422.079
421.356
420.932
420.508
420.443
422.250
424.987
426.863
426.924
425.805
425.113
422.627
418.861
417.865
418.356
418.295
420.117
419.389
401.068
398.228
394.713
391.944
388.527
384.212
379.849
375.784
372.223
368.424
364.574
360.853
356.499
351.406
347.021
341.758
334.461
326.653
317.744
307.300
297.233
287.820
278.237
273.140
272.860
272.770
272.547
270.583
265.298
257.583
248.829
239.189
228.892
218.393
208.840
176.153
176.531
175.402
173.983
173.589
174.376
175.318
175.897
176.142
177.055
179.882
182.321
182.996
184.235
195.736
197.178
199.206
202.213
206.681
208.754
210.818
216.040
223.426
234.130
247.000
262.231
279.419
297.550
316.902
336.865
355.430
371.417
384.688
393.909
424.031
424.938
428.032
429.494
430.080
432.676
433.149
434.377
439.513
447.105
457.803
469.872
483.486
498.647
514.145
529.895
545.995
561.934
575.177
581.490
583.670
584.969
584.861
586.164
589.125
591.413
593.003
594.063
594.604
595.568
595.591
592.636
591.325
591.286
590.586
590.800
590.164
590.375
592.361
593.893
593.643
592.451
590.503
588.527
588.869
589.168
587.119
585.185
584.346
583.672
583.107
582.488
580.516
578.907
579.152
578.307
576.456
577.404
579.408
578.441
574.410
572.158
571.620
569.265
567.302
565.731
563.878
559.595
552.422
543.795
532.144
516.836
499.014
480.356
463.368
449.488
437.937
429.318
423.491
420.736
420.107
419.678
419.859
419.991
419.262
417.896
404.251
406.696
408.391
408.937
408.565
408.704
408.233
404.503
401.201
400.320
399.220
397.665
423.144
421.540
421.003
422.590
424.992
424.785
422.978
398.201
395.105
390.584
385.693
380.460
375.413
371.469
367.307
361.492
357.033
357.739
358.126
357.237
355.805
348.165
336.152
321.937
304.707
285.480
265.814
246.531
228.225
213.359
204.535
176.920
176.822
177.544
178.843
179.499
179.581
179.239
178.907
178.471
177.161
175.173
174.022
174.051
173.023
172.027
172.482
172.238
171.644
172.186
173.892
177.171
179.521
179.265
179.071
178.081
176.711
176.675
175.550
172.008
166.482
158.403
147.142
132.037
114.722
97.003
78.787
61.150
44.936
30.999
20.314
12.476
7.605
7.378
8.465
8.301
8.135
7.507
6.200
4.289
2.789
2.482
3.773
8.016
13.526
18.384
23.956
31.609
41.989
54.286
68.103
82.993
97.440
111.269
124.010
134.160
142.380
151.478
161.557
169.448
174.386
176.864
176.809
176.809
177.852
179.657
181.745
198.662
199.562
201.737
204.049
205.666
206.462
207.357
208.543
210.199
211.654
211.210
210.149
210.249
210.744
210.693
211.619
215.216
218.836
222.268
224.362
225.017
229.908
240.050
253.660
269.822
288.602
309.127
329.692
349.159
366.840
381.803
392.743
423.786
422.301
421.267
420.671
420.199
419.931
420.191
420.889
421.698
422.767
424.783
427.197
429.841
432.396
436.339
443.919
453.949
465.157
476.918
490.606
504.977
519.823
536.026
551.615
566.348
578.832
587.431
592.891
595.136
594.669
593.613
592.840
595.776
599.242
599.433
598.086
596.206
595.844
596.990
597.811
596.464
594.714
593.834
592.991
592.057
590.243
587.733
585.377
582.077
576.228
569.360
564.802
562.856
558.345
548.056
532.724
515.339
501.089
489.137
475.637
459.862
444.604
432.145
423.007
419.003
417.966
416.528
415.928
416.551
417.079
416.845
415.912
415.627
416.029
416.099
415.687
414.958
405.976
406.775
407.028
405.890
403.637
401.608
400.385
398.719
396.431
394.861
394.226
393.392
392.485
391.213
389.499
387.580
384.088
379.090
374.024
369.188
365.652
361.969
353.009
340.574
329.007
316.521
301.533
284.223
265.357
246.489
228.953
213.773
204.023
178.220
199.755
198.043
197.944
197.942
197.674
182.234
182.183
182.035
181.833
181.438
180.096
178.082
175.159
173.518
173.575
172.896
172.630
173.460
174.810
177.536
179.543
180.345
182.644
195.025
195.542
196.958
198.545
200.132
201.719
203.634
205.066
206.024
207.595
208.836
209.260
209.766
210.224
211.114
212.700
214.168
214.909
215.253
214.790
213.832
214.986
217.505
219.059
221.286
225.042
228.423
232.072
235.782
239.641
244.753
250.783
257.722
264.562
270.492
277.223
284.514
291.520
298.761
305.510
312.082
318.394
323.828
329.342
334.218
337.675
341.707
347.025
353.402
360.493
367.052
373.040
378.344
382.604
385.700
387.109
387.450
434.005
433.198
432.632
432.231
430.284
428.018
427.505
427.639
427.722
427.653
426.949
426.345
426.073
425.648
424.955
423.271
421.544
420.715
419.727
418.874
402.634
403.288
403.900
404.328
404.713
405.057
405.353
405.668
414.236
413.659
406.470
405.626
404.314
403.417
402.647
399.074
394.854
392.333
389.209
385.504
383.472
382.959
383.174
385.404
387.318
387.199
385.732
383.219
380.592
377.981
376.553
376.702
376.881
376.694
376.130
374.664
372.636
370.018
365.578
361.524
360.511
361.815
365.261
369.446
372.021
374.006
376.921
379.884
383.297
387.506
429.893
427.792
427.838
428.680
429.194
429.870
430.545
431.426
432.660
434.621
437.935
441.265
441.823
441.346
441.847
443.324
446.174
450.198
455.984
462.478
469.554
478.007
488.073
500.132
513.895
528.269
541.614
554.389
567.063
577.776
584.962
588.162
588.518
588.061
588.163
588.748
589.194
589.513
589.806
590.011
589.212
588.550
588.581
588.285
588.647
590.646
592.451
593.151
593.954
594.783
595.382
595.446
595.156
594.879
594.080
591.872
589.469
586.421
582.736
580.969
579.264
575.392
569.923
564.344
557.350
547.640
539.493
533.202
526.997
520.569
517.035
515.952
513.742
512.422
511.040
509.868
509.437
508.321
506.997
504.790
500.806
495.543
488.220
478.867
468.617
458.651
451.027
445.527
438.870
431.925
427.569
425.484
424.856
424.412
423.716
423.079
422.441
421.804
421.202
420.779
420.216
420.035
400.146
398.821
397.869
397.637
397.221
396.123
395.678
396.046
395.639
394.611
394.023
394.164
394.310
394.412
394.625
395.010
396.966
399.629
401.621
418.453
420.460
421.509
421.151
419.649
418.128
417.203
417.080
417.286
417.310
416.362
413.665
408.320
406.262
402.780
398.397
395.284
395.212
395.995
395.781
393.931
389.628
383.881
377.380
369.183
358.996
346.474
330.797
312.614
293.954
279.282
268.550
256.650
241.217
224.789
211.668
204.114
176.436
174.933
170.807
167.949
165.549
160.420
153.027
142.093
128.644
115.947
104.046
90.109
74.164
57.888
41.688
26.966
15.632
8.675
6.058
6.384
7.366
7.379
7.567
8.101
10.136
11.040
8.515
5.386
3.670
2.882
2.812
4.346
5.284
6.527
11.235
15.943
20.991
30.539
43.073
57.022
72.069
88.040
102.243
114.465
126.194
138.189
150.375
160.536
167.014
171.325
175.045
177.205
178.426
179.571
199.517
199.391
199.264
199.137
199.010
198.964
198.614
197.812
197.389
197.535
197.784
198.160
198.493
198.281
197.778
197.563
197.321
198.874
201.854
204.735
206.356
206.618
206.993
206.394
205.723
207.628
210.590
211.420
210.413
208.995
208.175
208.985
212.367
218.504
227.600
239.229
251.674
265.118
279.535
292.289
302.764
311.082
316.470
320.336
324.135
327.754
332.176
340.295
352.356
365.081
376.668
385.320
391.012
395.130
424.120
423.936
423.601
423.267
422.941
423.295
424.825
425.813
426.394
427.739
429.874
432.680
435.486
438.291
441.097
443.933
448.582
456.620
466.965
478.939
492.194
505.790
520.730
537.573
554.084
568.791
581.020
590.088
595.831
598.881
600.000
600.000
600.000
600.000
600.000
600.000
599.702
598.271
596.549
596.908
598.592
598.338
597.671
597.687
594.527
589.714
586.520
583.787
581.446
580.280
580.033
580.020
579.868
579.360
578.623
578.431
578.634
578.646
578.506
578.505
578.543
578.314
578.022
577.885
577.801
577.718
577.580
577.444
577.267
575.130
572.227
569.250
562.340
552.529
541.780
529.650
514.839
497.281
479.057
461.157
444.960
431.876
421.775
415.985
414.044
413.782
406.032
405.935
406.472
407.051
407.698
408.228
405.813
401.714
398.038
393.814
390.803
389.208
386.744
384.089
383.988
385.563
385.269
383.957
382.751
381.240
379.759
378.279
376.196
371.570
365.124
356.487
343.773
328.718
312.057
293.751
274.107
253.700
234.623
218.895
207.878
202.919
177.580
178.908
180.566
181.631
181.950
182.034
182.341
182.171
181.235
180.012
177.911
175.704
173.768
171.436
167.858
162.903
154.800
143.283
131.378
119.409
106.260
91.788
77.280
62.121
46.827
33.762
23.735
16.696
13.318
12.278
11.443
11.429
12.219
12.911
13.353
13.687
13.681
13.072
12.106
10.602
6.522
4.842
5.198
4.384
4.331
3.553
3.483
5.469
7.130
8.398
12.340
16.618
20.865
29.177
40.455
54.244
70.593
87.674
105.531
122.734
137.871
150.955
161.926
169.474
174.023
177.864
200.412
202.131
203.874
205.820
207.584
208.055
207.511
206.616
206.565
207.327
207.988
208.512
208.801
208.656
208.370
208.066
207.672
208.354
211.878
215.092
215.115
214.547
214.030
214.355
218.457
226.478
237.536
251.096
266.800
284.904
304.876
325.424
345.136
363.357
378.622
389.724
424.173
422.639
423.077
422.508
421.464
420.911
421.205
421.851
422.324
422.992
423.642
424.125
424.560
425.060
425.901
426.217
425.064
426.054
428.342
428.895
429.679
430.264
430.547
431.690
433.356
435.830
439.556
443.914
448.285
453.087
461.251
470.091
475.645
478.979
482.057
489.147
501.013
515.675
531.762
547.956
563.159
576.113
585.580
590.998
592.596
592.042
592.117
593.375
594.782
594.964
593.645
591.882
590.816
590.728
591.427
592.633
593.404
594.071
595.048
595.620
595.824
595.569
595.017
595.128
595.420
594.505
592.701
590.440
587.374
583.464
577.541
569.182
558.257
543.367
524.595
504.036
484.594
467.307
452.039
439.196
429.293
423.402
421.373
421.161
421.326
420.740
418.163
414.497
412.473
406.553
404.476
402.636
401.169
400.929
401.624
399.837
396.290
392.165
389.261
389.816
389.256
385.193
378.618
369.355
357.067
341.553
323.257
303.845
284.158
264.654
245.298
226.863
211.736
202.661
199.369
198.382
197.026
183.477
183.524
183.637
183.590
183.176
183.073
182.584
180.190
177.736
177.991
180.387
182.702
182.705
181.993
180.835
177.968
175.047
171.280
164.888
155.110
142.716
127.795
111.116
94.217
77.344
60.732
44.040
29.982
20.199
12.889
7.825
4.940
3.938
3.456
2.436
2.296
3.454
6.264
8.294
10.885
17.155
24.330
32.248
42.542
55.065
68.586
81.542
94.062
108.146
124.399
140.025
153.284
164.177
172.322
178.264
181.273
182.237
196.901
198.171
199.144
200.170
201.441
201.528
201.246
201.097
200.947
201.238
202.013
203.004
203.374
203.815
205.102
205.972
207.146
211.103
218.822
229.694
243.094
258.059
275.091
294.738
315.490
335.654
354.805
371.868
384.349
391.425
426.904
424.015
399.567
420.327
420.374
420.421
420.467
420.895
422.262
424.216
426.360
428.415
429.180
428.646
428.503
431.254
433.534
434.992
438.801
443.206
449.647
458.941
471.478
486.689
502.280
517.872
533.464
549.056
564.648
580.080
591.550
596.344
597.213
596.813
596.009
595.259
594.977
594.641
594.038
594.184
595.313
596.746
597.470
597.357
596.718
596.507
596.582
596.282
596.783
597.801
598.510
598.051
595.875
593.622
592.437
592.359
592.766
592.895
591.305
588.070
584.722
581.840
580.099
577.453
573.254
566.605
555.430
540.270
523.498
505.894
486.989
468.072
450.309
435.377
423.852
417.141
415.688
415.113
414.487
415.055
414.935
413.856
406.393
405.067
403.533
402.670
402.888
403.105
401.507
400.259
421.339
422.780
423.409
423.620
423.924
424.098
423.507
421.574
398.435
394.682
389.163
381.605
372.295
363.399
357.447
351.842
345.169
338.904
333.699
327.106
316.451
303.665
291.513
280.159
269.502
260.426
252.401
244.473
236.370
227.996
219.768
212.680
207.629
204.107
201.798
177.843
177.574
179.000
180.272
180.869
180.940
180.798
179.812
179.676
181.276
183.468
194.734
185.107
183.378
180.528
178.012
175.643
173.041
172.176
173.565
173.082
170.882
166.610
160.534
159.837
160.981
157.332
150.441
142.725
135.110
127.085
117.410
105.763
93.116
80.774
68.847
57.900
48.680
39.410
29.612
21.142
14.571
10.048
7.335
5.890
4.730
3.990
3.502
2.581
2.495
3.199
3.911
4.498
4.691
5.516
8.837
13.866
17.672
20.008
23.047
25.396
26.571
28.421
30.847
33.357
33.982
34.256
36.844
40.745
45.475
49.963
53.322
56.354
61.401
70.193
81.393
91.971
101.083
111.905
125.265
138.289
150.249
162.073
172.803
180.811
196.622
194.735
192.092
190.000
190.000
194.068
194.558
194.624
194.752
194.880
195.007
195.135
195.263
195.531
195.275
193.958
192.624
190.000
190.000
191.938
192.188
187.426
187.710
187.171
186.547
184.871
183.022
182.520
182.164
181.668
182.380
183.430
182.217
179.988
178.612
177.617
177.124
175.404
172.567
171.405
172.882
175.380
174.933
170.821
165.768
160.061
152.567
144.828
136.072
123.919
111.131
99.748
89.233
78.076
67.939
61.462
55.191
47.669
41.553
38.114
34.403
28.352
22.308
17.814
15.411
13.772
11.844
9.742
7.795
6.814
6.446
6.637
7.582
7.662
7.568
8.645
9.127
8.865
8.844
8.914
8.877
8.821
9.212
10.575
11.811
11.709
10.685
8.394
6.486
6.346
6.811
6.534
7.368
9.694
11.323
12.865
14.026
16.165
19.276
21.387
22.572
22.779
21.790
22.343
26.002
29.514
31.339
31.979
31.875
31.861
32.164
32.403
32.371
32.282
32.505
32.986
33.446
33.988
34.913
37.873
42.055
44.985
46.634
51.143
58.939
64.323
67.251
70.694
75.964
80.990
84.008
87.327
91.385
95.415
100.100
106.140
112.981
118.595
122.732
126.418
129.809
133.590
137.268
140.173
142.461
143.842
145.202
148.732
154.703
162.326
171.140
178.329
198.521
198.225
197.210
183.565
183.739
183.244
183.887
184.475
183.751
183.506
183.328
183.450
183.788
183.872
184.053
184.198
184.242
184.237
184.329
183.942
183.774
183.654
183.051
182.977
183.275
183.053
182.484
182.518
182.805
182.898
182.978
183.059
183.057
183.548
184.339
184.774
185.620
186.985
187.647
188.646
190.860
192.880
194.812
194.632
193.657
193.361
186.289
185.982
185.833
185.766
186.068
186.200
186.485
186.502
186.110
185.875
185.905
185.917
186.166
186.341
186.307
186.251
186.263
186.196
186.133
186.050
185.872
185.749
185.843
186.157
186.029
185.763
185.814
185.714
185.688
185.666
185.676
186.042
186.148
185.863
185.740
185.945
186.144
186.374
186.502
186.463
186.478
186.528
186.433
186.188
185.989
185.865
185.826
186.266
187.417
188.224
187.572
186.634
186.588
185.617
182.939
181.590
182.415
182.186
180.495
179.165
177.330
174.346
171.444
168.380
163.135
155.440
147.284
139.215
130.505
120.668
109.768
97.374
83.446
69.914
57.270
45.147
34.712
26.847
23.204
22.871
21.000
18.142
16.562
15.352
14.143
13.243
13.707
13.412
11.032
10.339
11.860
11.587
9.432
7.505
5.631
4.510
6.501
11.474
16.241
19.807
23.735
28.780
35.245
41.037
44.943
49.997
55.495
60.704
67.756
74.394
79.599
84.522
88.927
93.248
96.709
98.142
99.086
102.882
110.194
120.670
133.215
145.950
157.834
168.331
175.680
179.709
182.829
185.496
187.363
188.512
190.000
190.000
190.000
190.000
190.000
190.000
191.715
194.675
198.146
201.982
205.929
209.648
213.888
219.844
227.795
237.375
248.092
261.498
278.445
297.497
318.294
339.734
359.798
376.957
390.331
398.114
421.341
421.660
421.425
421.219
421.014
420.809
420.603
421.389
424.190
427.586
429.411
433.272
441.776
452.418
464.649
478.461
493.788
511.678
531.319
550.729
568.569
582.676
591.785
596.181
597.414
598.313
599.320
600.000
600.000
599.010
598.732
598.112
593.256
586.174
579.088
569.357
556.053
539.342
520.322
500.613
481.383
462.629
445.059
430.390
420.282
415.050
413.371
413.494
413.851
414.010
413.139
407.265
406.733
406.755
405.829
403.160
401.435
401.090
400.884
399.798
396.989
391.369
382.346
370.747
356.040
338.070
319.279
302.013
288.780
279.226
268.710
254.806
239.187
224.472
212.559
204.620
178.471
179.334
180.761
181.763
182.174
182.101
182.085
181.930
181.229
180.168
179.035
177.703
175.916
174.651
172.686
166.754
156.412
142.407
126.328
110.030
93.626
77.266
61.856
47.921
36.146
26.064
18.272
13.053
8.633
6.375
5.598
4.742
4.436
4.160
4.680
6.952
7.096
5.294
5.474
6.464
7.473
7.588
6.817
6.807
6.543
9.628
15.798
22.035
29.639
37.470
45.379
54.202
65.766
81.122
98.224
115.104
131.238
146.302
160.647
174.022
196.434
193.957
192.986
193.589
195.970
198.143
199.711
200.802
201.481
201.977
202.429
203.010
204.507
206.419
207.981
208.985
210.156
212.476
216.812
223.276
232.048
244.376
259.764
277.270
295.421
312.541
329.291
346.503
363.639
379.502
392.288
399.000
422.584
422.390
421.584
422.389
423.249
424.110
424.970
425.830
426.690
427.550
428.410
429.270
430.130
430.990
431.850
432.710
433.565
434.006
434.559
435.897
437.855
440.600
443.778
447.434
454.341
464.593
475.419
486.245
497.494
511.594
528.544
546.272
563.758
578.908
589.500
595.011
596.692
596.822
596.637
595.823
594.756
592.989
591.391
592.509
592.870
594.012
596.232
593.278
588.333
582.898
574.019
561.870
549.425
538.268
530.065
523.236
514.358
503.772
490.754
474.765
457.480
442.214
430.555
421.782
415.198
412.249
411.089
410.550
411.839
413.524
415.032
416.009
416.510
416.373
415.669
405.696
407.749
411.616
412.251
414.267
415.815
416.717
417.927
419.304
418.418
414.055
409.042
406.547
403.426
400.551
396.366
391.144
384.146
374.215
360.567
343.538
324.445
304.650
284.566
264.008
243.487
224.554
209.623
201.726
179.154
180.511
181.459
181.256
180.863
178.880
176.543
175.124
172.986
169.509
163.052
152.383
138.662
123.361
106.840
89.560
72.335
55.616
40.045
26.070
15.224
7.851
4.346
3.884
4.103
3.980
4.112
5.014
6.267
7.906
9.376
12.312
18.091
24.361
31.793
41.997
53.779
66.542
80.833
96.241
112.407
128.017
142.164
155.200
164.740
171.932
177.681
181.760
195.795
195.996
196.581
197.389
197.739
197.575
197.334
196.954
196.522
195.992
195.607
195.175
194.969
195.960
197.174
197.276
196.115
195.105
183.701
182.938
182.351
181.407
179.675
178.097
176.430
174.845
173.609
173.033
173.900
175.105
176.224
177.798
178.747
179.093
202.586
203.068
201.779
176.907
173.857
173.936
176.520
179.371
180.213
180.246
180.554
198.821
199.536
200.200
200.396
200.504
200.696
200.289
200.029
200.467
201.810
204.309
208.498
214.921
223.350
234.131
247.601
263.752
281.716
300.105
318.484
337.150
356.174
373.897
387.933
425.327
422.972
421.567
421.061
420.950
421.632
423.424
425.290
427.447
430.130
432.997
434.884
438.507
446.470
456.433
468.472
482.739
498.807
517.808
538.020
556.402
572.225
583.759
589.672
592.704
593.893
594.268
594.696
594.308
594.338
594.636
594.859
595.248
596.042
597.087
597.679
596.702
591.558
584.104
575.882
564.666
549.569
530.885
510.459
489.830
469.756
451.420
436.175
424.568
417.649
415.406
415.264
416.132
417.440
417.682
417.125
416.299
415.625
414.709
413.452
407.510
405.628
401.505
396.097
388.900
381.336
376.790
375.282
372.028
365.017
356.781
348.409
336.934
321.670
304.604
289.579
275.642
259.770
242.824
226.094
211.953
203.151
180.379
181.164
180.064
179.674
178.987
176.053
170.878
166.387
163.009
158.905
150.579
137.454
122.743
107.669
91.776
75.438
59.421
46.025
37.881
30.720
21.976
14.138
8.804
6.689
6.561
5.836
4.830
4.438
4.264
4.553
5.650
6.326
5.699
5.363
5.691
6.226
6.751
6.472
6.110
8.058
11.456
14.006
15.913
20.180
26.968
35.569
47.690
61.473
76.066
92.202
108.569
123.618
137.159
149.436
159.097
166.081
171.555
175.852
202.731
204.867
206.002
206.605
207.209
207.813
208.417
209.023
209.216
208.834
208.359
208.200
207.907
207.526
206.646
204.811
203.114
201.768
200.522
200.422
203.422
207.562
211.006
215.413
222.058
231.208
242.648
254.940
265.659
275.188
284.784
295.727
307.303
315.861
320.911
324.393
327.461
329.941
332.895
338.057
344.411
350.834
358.112
366.011
373.745
379.868
383.190
384.787
385.581
386.337
387.858
389.414
390.109
390.970
392.095
393.121
394.491
396.419
397.654
398.156
421.469
420.711
420.733
420.803
420.874
420.997
421.430
422.287
423.967
425.727
424.462
421.257
419.899
419.669
419.236
418.802
419.886
424.571
428.173
428.354
428.505
429.177
429.927
430.078
429.841
429.635
432.245
437.598
442.660
448.027
453.461
458.568
464.958
473.274
484.229
497.783
511.950
525.836
539.596
553.357
567.117
580.630
590.148
594.020
595.439
595.973
596.521
597.159
597.111
597.255
597.233
596.704
596.822
597.703
598.381
598.365
598.075
597.530
596.943
596.503
596.328
596.039
595.690
591.334
583.573
575.281
564.394
551.428
536.559
520.719
504.776
488.071
470.920
455.585
444.002
435.906
430.121
426.375
425.530
425.649
424.536
422.872
420.172
416.675
414.563
414.692
415.173
414.315
412.913
412.460
412.731
412.861
412.186
407.580
405.445
404.582
404.192
404.325
404.571
404.407
404.034
404.068
404.283
404.448
404.497
404.317
404.080
403.790
403.950
404.801
405.397
403.573
402.046
403.429
405.527
406.908
406.836
405.378
402.343
398.665
395.541
394.921
394.173
388.626
379.726
370.622
360.581
347.026
330.177
311.356
292.726
275.105
257.568
240.210
224.237
211.039
202.874
178.212
177.626
177.523
177.425
176.411
175.496
174.426
172.806
170.208
167.198
163.300
156.930
147.538
136.406
125.195
113.164
98.416
82.614
68.064
54.471
42.457
31.429
20.469
11.430
6.366
6.045
8.734
11.279
12.832
13.681
13.895
13.713
13.483
13.254
12.016
8.033
5.370
6.316
7.820
9.330
11.755
15.910
21.215
27.115
34.871
43.958
53.153
64.167
79.700
97.788
115.039
132.105
148.971
164.206
177.062
197.044
198.409
202.194
205.181
206.849
208.123
209.024
209.854
210.467
210.563
210.977
210.954
210.285
209.509
208.610
207.531
207.051
208.041
211.472
215.382
219.822
227.573
238.705
251.809
264.778
277.390
290.028
304.192
320.179
337.061
354.466
370.531
383.821
393.706
424.100
424.253
424.579
424.808
425.038
425.268
425.497
425.727
425.957
426.187
426.417
426.646
426.876
427.106
427.336
427.566
427.796
428.025
428.255
428.485
428.715
428.945
429.174
429.404
429.634
429.864
430.094
430.706
433.385
436.238
437.356
438.249
439.141
440.035
440.751
441.559
443.011
445.680
449.858
454.241
458.598
464.729
470.710
476.492
484.769
492.792
498.815
506.197
516.111
526.490
538.056
552.087
567.155
580.820
590.210
594.982
597.350
598.682
599.313
599.157
598.850
598.495
597.848
597.557
597.180
596.132
595.078
594.056
590.671
586.011
579.515
569.777
558.834
545.606
529.203
511.212
493.047
474.360
456.262
440.577
429.272
420.872
416.422
415.924
416.039
416.914
403.189
404.304
406.010
403.395
398.553
395.394
393.091
389.847
385.195
377.462
364.599
349.500
332.693
313.880
294.753
276.789
258.710
239.545
221.437
207.702
200.561
198.234
182.097
181.454
181.750
181.536
180.318
178.785
177.910
177.674
176.861
176.585
176.397
175.861
176.452
177.474
177.993
177.554
176.916
174.834
169.935
162.318
152.705
141.314
126.983
110.281
92.476
74.124
56.252
40.283
26.632
16.465
10.094
6.860
4.725
2.834
2.248
2.814
3.340
3.638
4.619
6.623
9.038
10.659
11.788
12.972
17.149
23.922
32.013
42.538
55.729
71.189
87.376
103.562
118.629
132.659
145.922
158.225
168.235
175.039
204.098
206.298
207.738
208.264
208.402
208.097
207.802
207.488
206.706
205.507
203.899
204.045
207.516
212.486
218.765
227.534
238.394
250.066
262.736
277.016
292.533
308.892
325.768
343.222
360.625
376.543
388.916
425.312
422.488
420.288
420.153
421.045
421.120
421.235
421.430
421.563
421.659
421.901
422.173
422.763
423.744
423.343
422.810
424.905
429.360
434.864
439.849
443.089
445.644
448.755
450.965
453.351
454.910
455.963
461.048
470.673
483.331
497.916
513.624
530.022
546.808
562.870
576.584
585.230
588.439
590.405
592.303
592.913
592.825
592.907
593.300
593.636
593.963
594.303
594.913
594.890
595.129
596.058
595.249
590.346
583.544
577.763
571.169
561.846
548.676
532.842
514.792
496.172
479.367
463.304
447.432
433.772
423.363
400.827
400.933
401.604
401.574
401.618
402.329
402.977
403.489
402.930
401.381
400.785
399.879
396.855
391.184
382.913
373.228
361.987
347.772
330.517
312.032
293.608
274.921
256.846
241.869
229.555
218.010
207.658
200.664
198.675
180.385
199.299
181.156
179.473
176.424
176.368
177.741
178.753
179.521
179.817
179.784
179.176
178.454
177.560
175.686
171.006
162.112
150.185
138.125
127.263
119.140
114.520
111.707
110.152
109.223
108.516
107.808
107.100
106.393
105.685
104.977
103.954
102.506
100.991
98.290
93.883
89.061
84.294
78.674
70.522
59.737
50.153
42.838
35.665
28.291
20.778
13.649
8.569
5.935
3.911
2.429
2.203
2.098
1.566
1.265
0.743
1.449
2.764
2.494
3.026
4.174
5.270
5.716
3.830
2.703
3.572
5.164
7.673
9.534
11.344
15.530
21.218
27.083
33.159
40.585
47.578
53.221
59.575
66.925
73.033
76.701
80.617
87.060
95.809
105.506
115.318
122.679
126.425
128.953
131.943
135.978
139.319
142.917
148.780
156.540
164.877
171.240
205.715
205.996
205.699
204.891
204.428
204.002
203.575
203.148
202.722
202.241
201.518
178.504
177.382
175.710
174.928
175.136
175.526
175.637
174.468
173.277
172.559
171.876
171.374
171.186
172.370
173.070
173.033
173.909
174.615
173.084
169.873
166.239
161.317
155.661
150.185
146.641
143.853
139.582
138.362
138.613
136.326
134.238
132.652
130.928
128.567
125.551
123.030
122.119
122.572
122.653
121.913
121.455
121.511
121.343
121.499
122.512
123.378
124.418
126.587
129.193
129.280
126.573
125.569
126.982
127.928
128.076
128.226
128.009
125.899
120.648
113.811
107.248
100.791
93.768
85.674
77.654
72.170
69.973
69.981
71.464
74.529
77.511
79.550
80.802
80.262
81.159
85.832
89.389
91.100
92.892
91.790
90.067
90.783
92.203
93.597
94.464
94.946
96.637
101.067
105.703
108.700
110.757
112.304
114.501
117.719
121.518
125.201
128.755
132.309
135.863
139.370
141.674
141.934
142.060
143.059
144.173
145.374
146.686
147.817
148.539
149.301
151.777
156.977
163.846
170.239
174.700
178.419
181.132
181.546
180.356
179.794
179.996
180.697
180.037
177.099
174.808
174.116
174.652
173.891
170.334
166.198
161.914
155.750
148.487
140.246
131.405
124.129
119.652
116.258
111.178
105.926
102.746
102.154
103.046
103.512
103.397
103.458
104.415
105.842
107.264
108.687
110.109
111.531
112.953
114.375
115.708
115.466
112.771
111.340
112.376
115.662
115.918
112.323
111.364
110.897
109.711
108.881
110.900
115.893
120.095
123.211
125.131
126.895
130.046
134.299
137.943
139.233
140.403
143.511
145.699
146.169
147.514
148.577
150.206
154.525
162.122
171.485
178.438
197.981
197.355
197.951
200.039
202.332
202.963
200.990
199.007
181.491
182.151
182.862
183.132
183.094
182.865
182.866
182.725
182.734
183.417
184.912
185.691
185.657
185.390
185.011
184.246
183.406
182.664
181.703
181.421
181.876
182.602
183.427
185.127
187.853
190.000
188.591
185.129
181.692
180.182
179.172
177.876
177.421
178.566
180.618
181.360
181.057
180.561
180.753
181.716
181.713
180.744
180.317
179.550
177.113
173.461
170.204
171.009
174.259
173.446
170.239
169.614
169.979
169.921
170.257
170.585
170.585
170.719
169.580
167.300
165.441
163.619
161.422
158.904
155.701
150.520
145.602
142.269
136.302
131.284
130.567
129.761
126.945
122.517
117.015
113.637
112.022
110.075
107.796
103.980
98.703
91.398
82.557
73.468
65.901
59.808
54.032
47.739
40.471
33.568
27.225
20.835
15.543
12.420
11.274
11.188
11.706
12.336
12.130
11.541
11.966
12.993
12.375
11.272
12.696
16.368
19.571
20.939
21.855
24.619
28.132
29.626
29.755
29.763
29.652
29.274
28.967
28.829
29.076
29.348
29.287
29.275
29.475
29.483
29.239
29.176
29.414
29.520
29.291
29.054
29.014
29.105
29.162
29.472
29.701
29.457
29.190
29.283
29.496
29.250
29.116
29.247
29.245
29.217
29.213
29.318
29.328
29.217
29.106
28.823
28.735
28.828
28.875
29.090
29.255
29.276
29.381
29.631
30.050
30.277
30.081
30.087
30.093
29.961
29.050
28.099
28.573
29.160
29.340
29.207
29.444
30.136
30.059
29.656
29.919
30.147
29.661
29.526
30.343
30.823
30.327
30.229
30.008
29.109
28.846
29.995
33.797
39.773
45.416
49.106
53.506
60.345
65.369
67.300
68.745
70.971
74.939
79.915
83.912
86.275
87.238
88.180
88.708
88.698
88.882
88.757
88.547
88.623
88.507
88.089
87.914
87.725
87.406
86.821
85.675
85.065
85.489
86.112
86.734
87.357
87.980
88.617
89.591
90.562
91.074
91.457
91.472
91.069
90.880
90.880
91.275
91.815
91.824
91.369
91.227
91.217
91.690
94.769
99.353
105.251
110.731
113.831
116.599
120.209
123.533
127.618
134.490
142.452
150.876
160.228
169.035
175.718
180.708
183.644
184.766
185.579
186.273
186.065
184.825
184.092
183.945
183.767
184.596
185.620
186.373
195.164
198.416
202.279
206.616
211.427
215.074
216.789
218.341
220.644
223.955
228.996
234.841
241.143
248.243
255.963
266.131
277.685
285.893
287.693
286.812
287.045
287.259
287.013
286.531
286.046
287.544
292.544
298.116
303.959
310.966
318.188
325.511
332.822
341.074
351.782
364.296
377.088
388.366
394.892
426.477
427.802
429.341
430.893
431.633
432.853
434.785
437.796
441.565
446.466
452.991
460.259
468.427
477.922
489.899
503.906
518.179
531.957
544.321
555.951
568.111
579.661
588.528
593.429
595.802
597.154
598.009
598.625
597.742
595.548
593.555
593.390
594.427
593.553
589.948
584.016
578.364
571.072
559.281
545.822
531.528
518.201
505.966
492.996
479.302
466.235
455.119
447.504
444.792
444.803
445.139
445.125
444.105
378.781
378.443
444.573
376.460
372.325
366.297
359.091
352.090
343.986
334.511
323.932
311.255
296.288
280.152
264.180
248.393
233.222
219.974
210.398
205.941
204.548
203.402
202.256
201.109
179.829
179.566
178.569
178.192
176.677
173.481
170.907
169.256
167.411
165.878
165.340
165.164
164.431
163.556
161.557
156.077
147.826
138.401
128.070
116.494
104.253
91.317
78.358
65.558
52.412
39.519
26.954
16.392
9.027
5.185
4.669
5.060
4.940
4.738
5.242
6.438
6.394
5.984
7.030
8.461
9.417
10.177
11.191
15.245
20.990
27.708
37.308
47.646
58.848
70.763
82.948
95.967
108.810
120.433
131.496
141.093
148.482
155.317
160.845
163.297
163.268
163.481
165.938
169.502
171.713
172.586
173.104
173.654
173.983
173.594
173.814
175.069
175.610
175.653
176.492
202.529
202.308
202.421
202.670
202.461
202.755
204.491
205.728
206.427
208.256
210.369
211.716
212.254
212.339
212.401
212.768
213.123
212.970
212.457
211.953
211.729
211.747
211.907
212.188
213.641
214.322
213.899
213.931
213.187
211.977
210.895
211.036
212.036
212.161
212.792
215.112
217.969
221.019
223.333
224.011
224.265
227.272
233.105
236.194
237.007
239.774
241.182
238.851
234.772
229.547
224.919
222.006
220.437
218.191
215.439
214.125
212.702
210.076
206.852
203.527
200.722
180.372
180.283
179.278
179.029
179.077
201.393
177.643
179.093
197.428
196.875
196.835
196.678
196.836
197.160
197.113
196.995
196.706
196.266
196.050
195.889
195.897
196.345
196.816
198.290
199.936
199.535
198.414
197.903
197.521
196.856
196.097
195.633
195.902
196.424
196.717
197.328
198.363
199.466
200.249
200.300
200.646
201.790
202.356
201.852
200.584
199.235
198.562
199.216
200.218
199.811
198.754
198.086
198.530
199.293
198.777
197.521
197.497
199.532
201.038
201.073
201.444
202.222
202.609
202.636
202.897
203.702
204.661
205.769
207.835
209.732
211.392
214.697
218.298
221.882
225.979
229.575
231.415
232.115
232.540
232.412
232.175
232.395
233.780
234.457
235.407
239.326
243.526
245.486
246.094
247.522
250.966
256.625
263.159
270.072
277.857
285.704
295.040
305.272
313.814
321.585
328.913
334.409
340.665
347.887
354.409
360.253
365.663
373.242
382.280
389.099
392.879
426.578
425.355
424.042
422.727
421.577
421.612
421.676
421.781
422.701
423.223
423.182
422.785
422.182
423.697
426.614
427.999
427.966
429.051
432.467
435.926
436.493
437.964
443.561
450.097
454.752
455.215
456.336
461.779
469.080
476.699
485.865
497.948
512.308
528.025
544.574
559.955
572.721
583.058
590.489
594.636
595.867
595.754
595.488
594.917
594.588
594.107
592.928
591.798
590.707
589.806
589.165
588.322
587.249
586.072
582.877
576.829
569.902
562.975
556.048
549.122
542.195
535.268
528.341
521.414
513.978
502.877
487.896
472.198
456.524
441.942
429.733
420.571
414.184
407.945
407.482
407.110
407.065
407.170
406.593
406.037
406.083
406.257
406.260
406.145
406.130
404.993
401.800
398.681
396.931
395.886
396.330
395.657
390.468
381.490
370.105
356.874
342.034
326.315
309.334
291.717
274.221
256.878
240.087
225.000
214.038
207.278
203.598
202.444
202.474
202.675
202.877
203.079
203.280
176.053
175.510
174.968
174.425
173.883
173.340
172.798
172.255
171.713
171.171
170.628
170.086
169.517
168.793
167.921
167.032
166.143
165.254
164.365
163.488
162.542
161.711
159.178
154.273
148.885
142.935
134.531
124.066
113.443
102.602
91.194
79.496
67.939
57.891
49.775
42.168
34.562
26.956
19.494
14.458
12.474
11.385
10.863
10.519
10.187
10.152
10.135
10.118
10.675
13.853
18.779
24.384
30.785
37.775
46.889
58.135
69.681
80.991
92.790
104.945
116.744
127.356
136.962
145.263
151.247
155.481
158.688
162.134
165.210
212.715
212.816
213.825
213.941
212.692
211.922
211.729
211.320
210.863
210.357
209.752
209.561
210.273
211.610
211.519
209.843
208.318
207.050
206.398
206.596
206.094
204.985
204.564
204.956
206.726
209.251
212.122
215.021
217.913
221.716
225.963
228.971
231.986
236.459
242.251
249.288
258.264
269.138
279.438
288.243
295.861
302.976
309.700
315.367
319.276
320.218
320.809
321.193
319.760
319.633
321.131
322.840
324.795
328.139
332.857
335.846
338.054
341.303
344.246
347.019
350.350
355.968
362.994
369.434
375.650
380.250
439.505
439.379
439.211
438.788
438.859
438.829
438.520
438.260
438.153
438.136
438.507
439.745
441.675
442.888
443.433
443.470
442.664
442.848
444.708
447.630
452.020
456.587
460.154
464.088
467.033
468.944
472.622
478.152
486.360
497.694
509.840
521.736
533.713
545.690
556.941
566.363
572.653
575.679
577.029
577.745
578.270
578.515
578.379
577.839
576.535
574.554
569.856
563.506
558.375
552.552
547.456
544.117
540.522
536.782
533.042
529.302
526.563
526.139
522.827
514.143
504.501
495.432
486.935
479.185
472.824
467.234
462.118
457.421
453.196
450.100
448.512
449.202
450.006
447.784
443.001
437.197
431.371
426.607
422.651
419.376
417.493
416.851
417.448
418.387
418.270
417.314
416.359
414.957
414.399
414.994
414.455
413.500
413.729
414.493
414.404
413.537
412.352
407.232
405.708
405.006
405.076
405.194
405.175
405.173
415.775
417.728
420.467
422.388
423.345
423.865
424.371
424.716
422.913
418.566
415.564
404.827
404.442
403.551
401.747
400.136
400.092
400.277
400.175
398.861
395.528
392.935
391.828
391.216
391.715
392.200
391.466
390.118
388.733
386.717
383.757
379.545
372.929
363.281
351.456
338.785
325.892
311.387
295.472
280.006
264.740
250.189
238.408
231.175
227.645
225.530
153.897
154.490
155.534
156.229
156.265
155.223
153.363
151.848
151.169
151.305
151.868
152.622
153.567
153.851
152.109
148.602
144.813
141.023
137.234
133.072
126.993
118.843
109.583
100.192
92.231
85.529
79.058
71.774
62.932
53.473
44.587
36.462
29.170
23.215
20.102
19.692
18.851
17.478
17.475
18.267
18.734
18.913
19.122
19.252
19.356
20.099
21.088
21.114
21.498
22.175
22.218
22.248
21.916
21.120
20.776
23.388
29.546
34.553
37.332
41.133
46.525
54.473
65.019
76.393
88.058
100.255
113.163
125.610
136.879
148.538
160.486
169.803
175.460
178.113
200.953
201.147
201.879
202.876
203.785
204.467
204.559
204.043
203.677
203.629
203.605
203.581
203.557
203.533
203.509
203.508
203.546
202.826
201.549
200.422
199.470
198.300
197.101
196.766
197.193
197.983
199.229
201.510
204.322
207.312
210.554
214.601
219.735
225.675
232.923
241.597
250.863
259.633
268.146
276.818
285.610
292.017
294.756
296.899
298.587
298.526
298.496
298.760
298.904
300.530
304.322
309.220
314.182
319.144
324.105
329.192
334.148
337.803
340.692
344.185
347.882
353.270
361.178
370.575
378.938
383.032
438.528
438.849
438.363
437.946
437.570
437.150
436.807
436.388
436.352
437.382
438.905
439.552
439.992
441.304
443.604
447.063
450.211
451.781
454.136
459.851
468.115
477.455
486.957
495.696
504.796
515.158
524.960
534.891
545.642
556.804
567.695
576.144
582.382
586.892
589.116
589.770
590.114
590.451
590.058
588.997
587.777
586.557
585.337
584.117
582.897
581.677
580.457
579.237
578.017
576.798
575.578
574.358
573.138
571.918
570.698
569.478
568.258
567.038
565.818
564.835
564.374
562.911
560.017
557.570
554.315
548.596
540.567
530.899
520.146
507.443
493.273
479.375
466.326
454.350
444.145
435.021
425.915
418.901
416.110
415.848
416.268
417.070
417.332
402.890
402.373
401.709
400.935
400.417
399.653
397.148
392.826
389.142
386.058
381.982
378.082
374.750
369.693
360.360
347.566
333.124
317.203
300.500
284.159
268.653
253.885
240.301
229.814
224.134
221.542
159.121
160.932
162.474
163.293
163.496
163.599
163.671
163.801
163.575
162.467
160.499
158.062
155.653
153.244
150.835
148.426
146.017
143.608
141.198
138.099
132.580
126.090
120.861
114.753
106.869
98.251
88.247
76.488
64.364
54.176
48.439
45.555
41.015
34.463
27.594
21.347
17.039
14.819
13.648
12.789
11.939
11.223
10.915
12.314
14.368
14.916
14.596
14.022
12.569
10.890
10.125
9.866
9.826
9.882
10.070
11.699
16.005
20.412
23.347
26.470
30.089
34.437
39.365
44.955
52.899
63.049
73.367
84.285
95.778
106.221
116.998
128.745
139.559
148.490
156.054
163.944
171.372
176.725
181.134
197.712
198.561
197.995
197.310
198.274
200.368
201.473
201.961
202.306
202.206
201.710
201.535
201.978
203.072
204.242
204.241
203.223
202.269
201.541
201.340
201.890
204.590
208.011
209.666
212.589
218.061
224.562
231.446
237.514
242.453
247.238
251.388
254.611
257.335
260.181
263.623
266.884
269.838
272.564
277.199
284.670
292.507
300.724
309.852
318.641
327.258
337.276
348.958
361.107
371.485
377.882
380.317
381.203
381.565
381.578
381.591
440.983
441.419
441.855
442.290
442.726
443.161
443.597
444.033
444.468
444.904
445.339
445.775
446.211
446.646
447.082
447.518
447.953
448.389
448.824
449.260
449.696
450.131
450.567
451.003
451.438
451.874
452.309
452.745
453.190
454.706
458.758
464.516
467.853
467.887
469.323
473.454
475.978
476.568
480.145
486.521
491.346
492.147
491.559
493.966
499.990
508.382
517.649
527.086
535.684
543.287
551.016
558.190
564.592
569.039
571.346
573.452
575.558
577.664
579.770
581.876
583.983
586.089
588.195
590.301
592.407
594.513
596.060
592.418
584.253
577.028
569.908
561.855
553.683
547.285
543.667
541.287
539.289
536.558
531.884
524.198
513.415
500.336
487.274
476.315
466.212
456.112
446.013
435.994
427.960
424.074
423.465
423.886
423.770
423.317
423.047
422.911
422.407
421.172
399.919
399.982
399.945
398.803
396.949
395.136
394.352
394.448
393.682
391.861
390.834
390.325
390.075
392.251
394.719
395.246
393.819
391.682
390.428
390.512
390.205
387.411
382.056
374.657
365.427
354.102
341.029
326.332
311.109
295.633
282.105
273.165
266.980
259.932
249.909
237.153
223.588
211.870
204.113
178.150
180.954
183.165
182.635
181.430
180.225
179.038
179.369
180.454
180.941
181.435
181.573
180.788
179.041
179.218
180.102
178.711
177.805
179.172
181.255
182.611
183.614
195.825
197.293
198.853
200.340
201.614
202.408
204.413
206.807
208.300
210.255
212.487
214.680
216.665
218.974
221.434
224.144
227.856
231.938
235.986
240.033
244.080
248.128
252.175
256.222
260.270
264.317
268.364
272.419
275.744
277.558
277.308
276.448
276.608
277.528
277.877
275.949
274.157
271.822
269.248
268.650
268.837
269.175
269.942
272.080
273.633
273.778
273.270
271.880
269.696
266.614
261.018
255.852
253.055
249.673
244.717
239.403
234.091
228.953
223.215
216.683
211.832
207.701
203.777
176.896
176.719
175.552
173.685
170.820
166.125
161.850
160.930
161.144
160.035
160.467
161.884
159.111
153.035
146.504
139.088
133.969
131.796
129.153
124.253
118.128
112.017
105.696
100.987
97.098
96.356
97.527
96.693
96.488
97.012
97.536
98.060
98.370
97.397
95.211
92.883
90.311
86.213
80.620
74.687
68.525
62.142
56.599
52.556
49.082
45.586
42.013
38.514
35.372
32.010
29.079
27.648
26.880
26.059
25.555
25.577
25.518
25.137
24.903
24.877
25.080
25.357
25.200
25.011
25.428
26.565
27.462
27.453
27.315
27.633
28.413
32.326
38.168
42.401
46.585
51.491
55.853
59.464
63.325
67.789
72.066
76.566
81.426
85.891
90.247
94.782
99.676
104.739
109.764
116.219
125.209
135.156
145.198
155.553
165.542
173.078
177.007
178.609
200.254
200.475
201.382
201.881
202.323
202.386
202.162
201.969
202.223
202.247
202.101
202.474
202.616
202.383
201.923
201.631
201.696
201.760
201.847
202.316
202.925
202.289
200.514
198.648
197.487
198.552
202.003
204.225
203.983
203.030
202.669
204.396
205.651
204.843
203.818
203.831
204.803
205.540
205.800
205.250
204.795
205.210
205.369
204.913
204.203
203.414
202.831
204.476
208.786
214.154
220.384
228.168
237.203
247.592
260.272
274.140
287.624
301.621
317.240
334.105
350.994
365.443
375.970
382.830
386.896
432.615
430.612
428.073
426.097
424.710
423.102
422.164
423.759
427.151
429.147
428.015
424.897
421.572
419.091
401.706
399.328
396.450
394.560
392.903
392.107
392.451
392.987
393.712
394.395
394.599
394.817
395.030
395.222
395.414
395.606
395.798
395.990
396.182
396.203
395.565
395.005
395.919
397.733
398.686
399.179
421.845
422.959
423.348
423.668
423.988
424.309
424.629
425.091
425.732
425.769
422.949
400.374
399.076
398.088
396.491
394.298
391.581
388.892
387.854
388.896
389.583
387.655
383.814
379.241
374.062
367.724
363.908
363.164
360.828
355.091
348.540
343.957
341.914
341.826
341.828
341.658
341.500
341.685
342.287
342.067
339.952
335.342
331.592
330.352
328.648
326.629
326.085
326.272
326.957
327.183
324.305
319.186
313.406
305.973
296.727
286.727
275.969
265.129
254.624
244.263
234.372
224.494
214.693
206.897
175.379
175.315
175.255
175.976
176.896
177.682
178.294
177.894
177.041
203.317
203.862
203.481
202.817
176.531
175.854
175.785
176.149
176.079
175.838
175.731
175.319
205.321
205.726
205.652
203.928
201.905
201.773
202.448
203.141
203.811
205.068
206.321
206.858
207.660
207.923
207.183
206.563
206.809
207.388
207.588
207.945
208.064
208.131
208.252
207.560
206.799
206.167
204.869
202.920
178.281
179.022
180.609
183.178
184.639
184.895
185.297
185.374
185.240
184.984
184.741
185.013
185.211
185.241
185.510
185.270
184.685
185.250
185.554
184.954
184.909
184.978
184.746
184.320
183.823
185.230
188.397
191.656
192.539
193.636
194.304
194.711
195.221
195.482
195.996
196.567
196.609
197.325
199.036
200.959
202.793
204.036
204.038
203.343
203.029
203.245
203.831
204.632
204.960
204.320
203.699
204.645
207.153
209.790
212.550
215.492
217.085
219.504
224.011
226.480
226.182
224.848
222.862
220.946
219.169
215.974
210.601
206.055
203.757
177.114
178.809
180.431
181.191
199.927
201.140
200.263
199.757
200.404
201.231
201.966
202.701
203.325
203.838
204.358
205.049
205.727
206.370
207.343
208.508
209.672
210.837
212.001
213.166
214.331
215.495
216.660
217.824
218.993
221.264
223.961
225.043
225.794
226.654
225.918
224.303
223.497
223.014
222.103
221.216
220.003
217.708
215.362
214.615
215.035
213.650
210.073
207.146
206.091
206.176
206.505
207.223
208.237
208.981
208.171
205.847
202.505
199.400
197.759
196.938
196.741
197.507
199.055
200.603
202.167
204.102
204.697
203.728
203.453
203.562
203.711
205.700
209.046
210.385
210.356
212.039
214.928
217.206
219.258
219.654
218.359
217.682
218.839
222.820
225.361
226.145
230.979
236.694
239.981
243.449
247.999
253.790
260.584
266.295
270.655
275.083
279.227
280.797
280.241
280.453
280.317
279.330
279.674
283.048
287.937
295.817
307.332
319.215
331.097
342.980
355.554
369.382
382.111
391.120
426.061
396.191
396.330
395.984
395.554
395.124
392.705
390.461
390.420
391.609
392.556
392.532
393.149
396.027
421.556
420.959
421.110
420.416
421.416
422.832
422.613
422.416
422.289
422.404
423.029
423.215
422.734
422.502
422.826
423.935
425.478
426.286
425.014
424.389
425.792
426.812
427.425
428.042
428.645
428.332
427.176
427.214
429.387
432.514
435.600
438.686
441.830
445.044
449.581
452.656
453.912
457.865
463.619
468.408
473.732
482.826
495.754
511.248
527.628
543.439
558.022
571.069
582.004
588.967
592.645
594.302
594.491
594.734
594.363
591.978
588.181
584.267
580.304
574.410
565.232
554.119
543.623
533.858
522.152
508.426
494.428
482.447
472.408
462.520
452.633
444.439
440.769
440.083
440.301
440.913
439.656
434.850
431.033
430.257
428.667
427.662
428.273
428.490
427.994
427.421
426.975
426.619
426.269
426.352
426.727
426.850
426.523
425.746
424.969
424.310
423.358
421.827
400.423
400.808
400.912
401.251
401.689
401.951
399.744
395.374
393.005
392.120
391.188
391.060
389.161
384.751
379.041
372.449
364.152
352.679
337.824
320.223
301.751
283.578
266.549
250.727
236.274
224.582
217.299
213.858
211.691
210.765
210.655
210.307
210.486
168.485
167.659
166.983
169.147
173.077
205.573
206.238
208.385
210.815
212.230
212.873
214.454
216.439
217.636
218.284
219.339
221.174
222.460
223.352
225.522
228.819
233.158
237.817
242.364
248.124
255.601
263.472
269.946
276.622
285.172
293.347
299.670
305.357
312.009
319.798
328.155
337.327
346.341
354.402
362.430
370.534
377.792
383.134
387.174
390.565
393.443
395.897
397.442
397.513
396.367
395.978
396.584
422.467
402.081
403.687
402.525
401.143
400.038
399.289
399.308
399.207
398.969
399.133
399.148
397.234
394.066
392.187
391.698
390.185
386.094
380.317
374.192
369.714
365.620
360.144
354.447
348.462
341.404
333.368
325.003
315.895
303.838
290.382
278.359
267.842
258.359
248.532
238.089
227.765
217.501
208.952
174.777
174.844
173.862
173.241
173.524
176.226
180.046
181.804
198.002
198.649
199.346
200.718
203.203
206.118
208.536
210.197
210.679
209.617
209.597
211.996
215.116
218.257
221.454
225.800
229.528
229.528
227.513
225.495
223.478
157.048
223.794
226.746
227.936
230.866
232.559
230.353
227.604
225.922
225.637
227.664
230.598
234.076
239.425
245.257
251.642
255.448
256.139
258.170
261.731
263.887
264.603
264.076
262.927
263.553
263.931
262.677
262.006
262.264
262.982
264.890
265.142
261.975
257.345
252.550
247.756
242.962
238.168
233.350
227.911
222.207
218.190
216.704
216.403
216.107
215.811
215.516
215.220
214.924
214.629
214.333
213.747
212.721
211.538
210.343
209.149
207.954
206.760
205.507
204.366
203.694
203.415
203.616
204.164
205.764
208.400
209.790
210.830
212.774
215.934
220.084
221.999
221.436
220.465
220.203
221.940
224.907
226.438
226.727
226.488
225.547
225.107
225.095
225.638
226.865
227.963
228.913
228.802
227.770
226.883
225.999
224.945
223.702
222.422
220.643
218.510
216.918
215.037
212.404
209.701
206.999
203.955
200.080
197.051
179.608
174.933
171.185
169.587
171.108
174.575
176.433
176.206
176.185
176.755
177.068
177.434
176.397
173.298
172.167
173.317
174.919
176.168
175.455
173.380
170.520
166.315
160.688
153.523
144.577
136.852
131.061
124.411
116.244
105.683
92.313
77.847
64.789
55.613
48.286
40.253
31.921
23.624
16.216
10.307
6.722
5.603
5.667
6.883
8.680
9.627
9.874
9.855
9.816
10.306
11.840
14.083
17.443
21.163
24.846
29.810
36.045
43.570
51.954
60.364
68.713
77.062
85.410
94.193
104.119
115.539
127.910
139.788
150.020
160.012
170.789
200.641
199.103
196.966
195.085
194.912
195.117
197.059
199.943
202.498
204.538
205.429
205.844
206.260
206.349
206.015
205.351
204.923
205.087
205.467
205.915
206.017
205.771
205.658
205.930
206.458
207.302
208.528
209.049
208.776
208.471
208.778
210.934
212.823
212.473
211.526
209.865
207.801
206.372
207.696
212.474
218.087
224.952
233.362
239.149
240.722
241.643
245.051
250.336
255.520
263.094
274.238
286.569
300.889
315.841
329.973
345.411
361.975
376.761
387.735
394.530
423.683
422.852
422.809
422.360
421.933
421.838
422.001
422.440
422.991
423.532
423.474
423.187
424.947
425.965
424.504
422.969
399.406
399.713
398.881
396.792
394.495
392.056
389.665
387.060
383.421
378.543
374.172
371.125
368.014
363.982
359.016
353.810
350.871
350.130
349.233
347.527
346.124
347.496
349.243
351.321
355.184
359.065
361.123
361.657
361.154
360.665
363.254
367.585
371.727
374.879
377.617
381.652
385.701
389.020
391.319
392.655
394.065
395.650
397.103
423.192
425.041
428.871
433.477
439.029
443.721
445.439
446.934
447.690
447.368
447.932
450.292
455.244
462.232
470.196
478.746
488.796
500.545
513.421
526.753
539.171
550.004
559.709
568.183
574.005
576.906
578.510
579.973
580.966
581.260
582.000
583.057
583.950
584.171
583.466
583.104
582.535
579.318
574.641
569.310
561.196
549.793
535.949
521.380
506.597
491.854
477.897
464.435
451.214
439.311
429.984
422.535
418.270
417.842
418.666
419.450
419.745
419.592
418.782
418.447
401.042
398.075
394.098
388.964
381.519
373.082
367.434
364.663
362.383
360.260
357.725
351.545
340.268
326.350
311.636
296.949
282.041
267.338
253.397
241.192
232.653
228.669
227.449
226.728
226.002
225.275
224.548
223.822
223.095
222.431
222.044
221.818
221.719
222.878
225.822
229.474
143.985
138.626
133.240
126.136
116.377
105.652
94.927
84.391
74.293
64.627
55.109
46.055
38.462
32.144
27.589
25.784
25.338
25.372
25.823
26.357
26.129
25.721
26.495
27.433
28.224
29.513
32.331
37.618
44.013
50.423
58.057
66.886
77.190
88.726
99.973
111.811
123.444
134.040
144.250
154.236
164.015
171.637
176.544
178.956
179.441
179.719
179.905
199.589
180.326
180.005
180.151
181.004
181.352
180.678
178.269
175.589
175.482
176.648
176.443
175.894
177.115
178.158
177.318
176.047
175.171
175.783
177.259
