142.170
142.170
142.170
142.170
142.170
142.170
142.170
142.170
142.170
142.170
142.170
142.170
142.170
142.170
142.170
142.170
142.170
142.170
142.170
142.170
142.170
142.170
142.170
142.170
142.170
142.170
142.170
142.170
142.170
142.170
142.170
142.170
142.170
142.170
142.170
142.170
142.170
142.170
142.170
142.170
142.170
142.170
142.170
142.170
142.170
142.170
142.170
142.170
142.170
142.170
142.170
142.170
142.170
142.170
142.170
142.170
142.170
142.170
142.170
142.170
142.170
142.170
142.170
142.170
142.170
142.170
142.170
142.170
142.170
142.170
142.170
142.170
142.170
142.170
142.170
142.170
142.170
142.170
142.170
142.170
142.170
142.170
142.170
142.170
142.170
142.170
142.170
142.170
142.170
142.170
142.170
142.170
142.170
142.170
142.170
142.170
142.170
142.170
142.170
142.170
142.170
142.170
142.170
142.170
142.170
142.170
142.170
142.170
142.170
142.170
142.170
142.170
142.170
142.170
142.170
142.170
142.170
141.710
137.200
127.663
117.684
111.497
109.228
106.250
101.712
99.770
99.153
98.779
98.510
96.445
92.333
88.035
84.774
83.195
82.464
79.673
77.943
81.763
87.837
90.820
92.874
96.115
93.814
88.863
87.374
84.753
79.863
75.130
71.309
67.307
62.643
57.281
51.968
47.874
43.599
38.489
34.525
31.193
27.189
24.338
23.255
21.905
19.304
16.735
15.892
16.003
17.516
18.157
15.482
12.850
12.897
12.860
12.555
12.365
11.659
12.119
12.744
12.251
11.854
11.317
10.143
11.093
14.446
17.266
16.535
14.176
15.175
17.582
18.819
18.582
17.154
16.877
18.824
22.688
25.004
24.723
24.686
26.266
28.738
30.270
30.166
29.944
31.075
33.539
37.099
41.421
46.311
52.071
57.842
63.249
66.385
67.150
67.456
68.041
69.764
73.194
77.429
82.606
89.918
98.434
108.083
117.909
125.417
133.378
144.561
156.009
164.219
168.190
169.335
169.903
171.475
173.092
174.108
174.739
174.727
173.928
173.908
174.386
174.059
174.281
174.786
174.828
175.151
175.435
175.260
175.368
175.610
175.664
175.620
175.537
176.577
178.472
179.055
178.705
178.666
178.221
176.710
175.169
174.773
174.917
175.094
175.202
175.374
175.683
175.939
176.154
176.301
176.394
176.407
176.434
176.473
176.499
176.591
176.685
176.807
176.995
177.172
177.213
177.225
177.373
177.466
177.452
177.519
177.626
177.720
177.746
177.759
177.852
177.985
178.133
178.266
178.372
178.466
178.573
178.721
178.840
178.949
179.249
179.245
178.349
177.548
177.640
177.975
178.135
178.310
178.431
178.484
178.618
178.766
178.913
179.007
179.087
179.181
179.234
179.340
179.447
179.541
179.675
179.795
179.902
180.007
180.167
180.275
180.302
180.370
180.463
180.556
180.650
180.744
180.865
180.959
181.027
181.135
181.282
181.443
181.604
181.752
181.783
181.597
181.699
182.091
182.358
182.496
182.519
182.720
182.890
183.009
183.250
183.353
183.450
183.456
183.235
183.149
183.255
183.126
183.139
183.244
183.088
183.188
183.303
183.173
183.004
183.153
183.311
183.149
183.120
182.948
182.673
182.770
182.919
182.435
181.150
180.228
179.889
179.527
179.633
180.155
180.396
179.755
179.090
179.042
179.371
180.232
180.082
178.839
175.134
170.937
169.361
170.868
174.112
176.633
202.211
206.673
210.463
212.862
214.809
218.632
223.991
231.313
239.866
248.102
258.016
269.124
280.320
288.161
293.613
298.267
301.640
305.442
310.354
313.818
314.794
315.315
315.285
315.536
317.126
319.619
324.615
333.385
342.916
352.247
361.249
369.365
376.993
384.530
391.186
428.629
430.391
431.658
432.486
432.463
432.115
432.692
433.695
434.699
435.702
436.277
435.709
437.607
442.267
446.482
450.803
455.864
461.397
466.115
471.675
479.703
490.827
503.194
512.844
521.894
534.208
547.911
560.492
571.828
578.890
581.854
584.104
585.626
586.549
586.585
586.100
586.117
586.507
586.270
586.156
585.827
584.412
584.499
584.898
583.581
582.196
581.737
582.116
583.633
584.676
585.032
585.964
586.199
585.897
585.906
584.428
582.764
581.813
579.354
575.352
570.280
563.928
553.804
539.232
522.907
506.852
492.237
478.438
465.032
452.333
440.430
430.203
423.026
418.274
416.613
416.945
417.533
417.728
416.237
415.981
416.912
416.594
417.476
419.041
418.391
418.345
418.096
416.670
416.144
416.112
416.464
417.059
417.525
417.571
417.139
416.809
416.491
415.798
415.013
415.177
416.062
415.927
414.122
412.217
408.040
407.825
412.830
413.302
413.824
414.180
413.729
412.905
413.041
413.166
412.357
413.687
404.640
400.590
397.310
393.881
391.927
392.721
393.742
393.537
389.978
383.331
378.148
375.440
370.489
360.842
347.995
334.832
321.342
306.261
289.479
271.069
252.428
235.140
220.980
165.833
164.485
160.543
157.471
157.968
159.553
158.760
157.494
156.228
154.962
154.838
154.936
151.891
142.676
129.111
115.143
101.175
87.207
73.239
60.416
49.998
41.356
32.910
24.718
18.390
14.936
12.999
11.744
12.367
13.986
14.648
14.115
12.847
11.857
12.656
14.058
13.864
13.488
12.718
11.934
12.241
12.324
12.471
13.016
13.576
13.816
13.524
13.059
13.344
14.423
15.686
15.739
15.235
17.117
23.376
28.960
31.549
34.711
36.468
39.011
45.120
54.178
65.535
78.306
93.434
110.382
128.064
145.160
161.191
174.785
197.911
196.775
197.239
197.066
196.266
196.044
196.409
197.312
197.897
196.447
194.713
194.654
194.082
192.992
186.256
186.620
187.230
187.687
187.397
187.227
192.232
197.027
203.716
211.832
223.741
239.525
257.220
275.204
293.342
311.920
330.280
346.866
361.283
374.654
385.843
430.822
433.146
436.273
437.932
437.656
437.459
437.883
438.080
437.435
436.707
436.159
435.764
436.939
438.115
437.662
436.464
436.495
438.470
439.116
439.721
442.279
443.270
442.848
441.670
440.333
443.091
446.815
449.223
456.674
469.740
485.984
504.707
524.766
544.666
563.393
577.392
585.024
588.761
589.738
588.449
587.407
586.951
586.808
588.081
589.129
587.643
580.321
570.019
560.233
547.501
529.826
509.055
487.053
465.514
446.490
431.356
421.052
416.661
417.009
417.073
417.096
418.635
418.357
417.834
417.562
416.409
416.568
417.202
418.461
420.589
421.697
422.072
421.414
418.288
415.279
416.660
418.291
417.867
416.521
415.630
417.269
418.369
418.157
415.606
404.880
400.785
396.634
391.656
386.453
380.486
373.452
367.579
360.892
348.417
330.212
309.039
285.905
262.729
240.656
221.101
167.732
166.373
162.407
160.587
160.799
160.937
160.558
160.403
159.033
151.987
137.962
121.493
104.867
88.242
71.616
55.033
40.132
28.923
20.683
15.195
13.309
13.489
13.950
14.024
13.873
14.356
14.287
14.666
16.012
16.515
16.846
17.341
17.856
18.371
18.883
18.973
18.090
16.490
15.324
15.650
16.844
17.940
21.941
29.664
35.033
37.467
43.091
52.578
64.528
80.125
97.743
115.361
132.978
150.605
167.631
179.746
194.738
193.539
192.956
193.243
184.768
185.341
186.065
186.075
187.079
188.288
192.100
192.997
196.127
201.109
206.501
209.623
207.019
204.711
209.110
216.892
228.219
245.236
264.966
285.029
304.520
324.313
344.185
363.083
379.843
391.561
429.462
433.200
434.665
434.344
433.826
433.782
434.712
436.025
436.806
438.593
445.499
459.037
477.661
499.278
521.511
542.878
562.262
577.379
587.510
593.620
596.316
597.874
598.169
597.414
597.195
596.932
596.653
596.672
596.538
596.671
596.991
596.660
595.837
594.921
594.607
594.534
594.016
593.812
594.547
595.035
594.553
595.104
596.094
596.130
595.905
593.312
586.064
578.702
572.312
560.271
541.682
519.852
497.269
475.258
455.099
438.681
427.378
421.233
418.907
418.748
418.408
419.310
420.896
421.341
421.984
422.661
423.349
422.910
420.998
419.275
418.202
417.116
415.623
405.691
405.076
404.445
403.816
416.739
416.994
416.145
402.099
396.668
388.209
378.687
368.811
355.561
338.867
319.939
298.275
275.225
252.530
231.221
164.218
167.894
164.737
162.848
164.033
163.929
161.991
160.518
160.429
161.154
162.053
163.411
163.256
161.224
159.851
159.225
158.174
157.967
158.758
159.115
156.882
151.496
142.418
128.752
111.487
92.029
72.293
53.034
35.810
22.907
15.335
12.841
14.408
16.603
16.999
16.537
16.494
16.599
15.568
13.941
15.173
17.232
17.629
18.791
20.200
23.341
30.093
38.666
50.883
67.509
85.404
104.099
123.646
143.449
161.559
174.472
180.881
182.950
183.821
185.655
187.592
188.569
188.139
186.819
186.269
186.426
186.848
186.964
186.169
185.762
186.879
187.918
188.202
188.220
188.467
188.555
188.318
187.525
187.020
187.821
194.124
201.107
208.600
218.397
231.756
248.559
267.099
287.129
308.922
330.534
350.193
367.641
381.838
432.486
434.112
437.496
438.285
437.402
437.254
438.110
439.085
439.190
440.426
441.646
442.008
445.955
454.421
466.995
483.112
501.550
521.090
540.571
559.438
575.922
587.601
592.833
593.843
594.814
595.339
594.758
594.265
594.674
595.221
595.152
595.085
595.228
596.060
596.850
597.923
598.777
595.324
589.119
582.249
572.138
557.334
538.801
518.041
496.262
475.387
457.064
443.445
433.772
426.842
423.878
422.968
421.239
421.106
423.117
424.020
423.162
422.276
421.628
421.349
421.004
419.237
417.035
416.361
417.222
416.363
405.104
403.247
402.075
402.149
403.143
403.482
401.411
396.482
388.387
377.738
364.979
350.518
335.268
318.949
299.997
280.032
260.736
241.531
223.258
167.752
167.981
165.393
164.378
162.962
161.114
160.185
159.650
160.015
162.574
164.603
165.377
163.926
157.280
145.420
130.545
113.719
95.355
76.283
57.580
41.101
27.545
17.238
11.248
9.742
11.168
12.947
13.603
13.795
13.513
13.196
12.409
10.440
9.293
9.132
10.243
12.546
14.485
15.874
16.571
16.736
16.515
16.128
15.959
15.972
16.044
16.518
16.711
15.437
16.414
21.456
25.951
30.201
38.769
51.712
67.238
84.699
103.220
122.405
141.436
158.550
171.292
203.836
203.901
202.850
201.115
200.056
199.839
200.197
200.612
201.027
201.640
200.399
197.707
196.687
198.976
205.026
212.254
221.948
236.323
253.228
271.400
290.772
310.616
329.661
347.687
364.956
380.302
431.184
432.391
435.347
435.097
434.257
434.646
436.235
437.747
440.183
444.659
447.485
448.469
449.856
451.638
454.221
460.903
474.313
493.152
514.555
535.937
556.378
574.293
586.210
590.462
590.227
589.178
588.574
588.507
588.184
587.390
587.032
588.410
587.322
579.844
569.844
558.356
543.253
525.669
507.003
487.315
467.146
448.424
432.893
421.249
415.000
406.615
406.460
415.068
415.333
415.861
417.700
418.280
417.825
415.444
412.928
406.974
405.299
401.326
396.418
394.018
393.821
390.413
386.238
384.848
382.909
381.341
381.441
383.068
384.642
385.136
385.666
384.715
382.054
379.675
376.351
370.686
365.265
358.060
348.647
342.948
339.801
335.261
327.805
317.339
304.678
291.723
282.515
276.236
268.481
259.599
250.428
238.881
225.479
213.189
169.424
166.867
164.317
163.472
162.330
160.976
161.484
162.364
163.193
163.577
159.562
149.289
134.699
118.021
100.162
82.246
65.102
49.208
35.113
24.195
16.712
12.866
12.028
12.282
12.723
12.820
12.445
12.537
14.195
16.073
16.724
17.553
18.035
16.801
15.620
15.030
14.308
13.197
13.169
14.815
16.520
17.730
17.339
16.570
16.721
15.593
14.031
13.905
14.185
14.291
14.390
14.685
17.839
25.161
31.434
35.940
41.227
44.417
49.022
57.397
67.491
81.460
99.488
120.836
142.268
161.034
175.730
196.744
195.511
195.367
195.957
196.283
196.242
195.895
195.241
195.169
196.019
196.055
194.674
195.538
199.958
206.721
216.523
230.270
247.948
267.732
288.680
310.053
330.974
350.653
367.766
381.617
433.054
435.299
439.227
442.256
443.634
443.385
443.379
443.946
444.588
445.522
446.419
447.253
447.344
446.611
446.088
445.957
446.176
446.626
447.096
449.194
452.650
454.456
456.318
461.160
468.068
477.979
492.652
510.496
529.057
547.427
565.053
579.831
588.930
591.800
591.475
592.093
593.156
593.468
594.094
595.053
595.860
595.151
590.985
584.209
576.973
566.691
551.520
532.869
512.341
492.032
472.638
454.841
440.364
429.955
423.725
421.520
420.556
419.790
420.569
420.880
420.626
422.365
424.352
424.690
424.409
424.420
424.610
424.267
423.569
422.791
421.929
421.013
420.097
419.181
418.264
417.336
415.807
405.566
404.598
403.559
402.856
402.200
401.903
401.913
399.307
393.507
385.914
377.579
372.640
370.648
365.008
355.430
343.054
326.357
306.710
286.348
265.609
245.435
229.075
216.535
169.511
168.186
165.539
165.361
166.361
168.286
169.189
168.731
167.998
166.937
166.526
166.561
165.281
160.306
150.148
135.238
117.585
99.563
81.491
64.347
49.503
36.221
24.061
14.439
8.448
5.711
5.305
5.870
7.104
7.620
7.547
7.579
7.234
6.861
6.647
6.904
6.122
4.943
4.786
3.980
4.065
9.187
15.486
21.301
28.414
34.929
39.135
40.322
42.931
49.010
57.383
68.502
81.073
93.780
106.353
119.745
134.308
148.406
160.274
167.702
170.380
171.067
171.473
172.221
173.069
173.213
173.458
174.713
175.646
175.294
174.520
174.074
174.881
176.304
175.999
174.598
174.370
175.160
176.139
176.507
176.479
176.548
176.658
176.715
176.881
177.171
176.954
176.670
176.410
176.187
176.257
176.256
177.408
180.358
182.751
184.244
185.792
185.553
184.876
197.376
202.278
206.861
209.792
210.149
210.757
211.130
211.555
211.871
212.163
213.924
217.466
220.398
222.841
226.763
230.503
232.891
235.439
238.482
239.238
241.582
250.122
260.025
269.042
280.121
292.712
302.442
309.381
317.829
328.167
338.677
347.670
356.226
366.462
376.531
384.995
391.571
395.736
424.204
427.367
430.492
431.986
433.142
432.816
432.430
433.014
433.545
433.885
434.518
435.722
436.901
439.400
441.643
443.146
446.370
451.295
455.115
456.102
459.327
464.733
468.899
472.772
478.459
486.836
498.778
514.201
531.243
548.651
565.769
580.758
590.604
594.653
595.369
594.676
594.093
594.329
595.276
596.757
597.755
598.430
595.451
588.011
579.873
570.560
557.944
542.999
527.059
509.458
490.804
472.387
455.853
442.154
431.161
423.931
420.980
420.173
420.323
420.999
420.638
419.639
420.068
419.483
417.253
416.661
417.307
418.586
419.881
420.431
419.919
418.653
417.356
416.058
414.761
413.402
407.716
407.396
407.359
405.882
402.507
399.706
399.703
399.767
397.560
395.866
396.262
396.761
397.211
395.961
390.908
384.607
379.770
375.858
369.978
361.487
352.057
342.488
330.737
316.050
299.725
281.586
262.020
242.349
224.710
166.885
167.038
163.482
162.679
161.816
162.397
165.220
167.130
168.437
168.776
167.253
164.388
160.970
155.610
146.429
133.663
118.737
102.113
84.130
66.001
48.874
33.846
22.067
14.126
11.263
12.880
14.849
15.168
14.947
13.781
11.873
9.833
7.448
6.220
8.190
14.305
20.946
26.726
34.973
46.342
61.136
79.101
98.901
118.732
137.500
154.484
167.450
175.135
178.384
178.410
177.135
178.094
179.759
178.079
177.712
179.806
180.785
181.454
181.952
181.892
181.077
180.458
180.901
181.458
181.277
180.635
180.207
180.422
180.638
181.461
182.242
182.093
182.389
182.846
182.601
182.274
181.999
181.675
182.123
182.702
182.647
182.230
181.714
181.839
182.592
183.490
183.817
183.500
183.099
183.021
183.286
183.412
183.328
183.179
183.288
183.598
184.001
184.292
184.613
186.078
193.065
193.010
192.908
192.666
192.363
192.173
192.619
193.453
194.035
194.371
194.667
195.039
194.504
193.655
193.181
192.941
193.868
195.143
195.655
194.784
194.762
198.407
204.227
207.821
206.951
207.996
214.313
220.717
229.848
244.579
262.274
281.506
300.849
320.150
339.078
357.203
373.472
384.976
433.153
436.541
439.170
439.017
438.068
438.405
439.934
440.236
439.158
438.754
439.738
440.344
440.064
440.548
443.158
447.813
451.767
453.734
455.911
460.248
468.448
482.299
501.191
522.634
544.473
564.471
580.209
590.429
595.012
595.891
595.062
593.607
594.587
596.694
597.062
596.240
596.151
596.370
596.215
596.555
596.387
596.547
597.666
598.237
596.879
593.678
587.435
578.436
566.443
550.206
531.597
511.308
490.265
469.439
450.611
436.085
426.539
422.055
420.583
400.580
400.458
420.233
420.810
420.500
419.245
420.031
421.068
420.803
419.911
420.858
422.323
422.853
423.139
422.926
422.976
423.197
423.068
422.144
420.069
417.810
416.893
418.107
419.240
418.147
418.740
420.340
419.482
418.397
418.012
417.518
415.238
406.416
404.941
401.560
396.453
390.514
382.831
373.586
362.493
347.590
328.030
305.323
282.362
263.112
247.343
231.348
216.489
169.483
167.701
164.908
164.564
163.372
161.479
161.572
162.771
163.038
162.423
162.869
161.340
154.753
143.548
128.195
111.293
94.264
77.235
60.327
45.070
32.204
23.172
18.885
18.442
19.907
19.893
19.304
19.566
19.680
19.094
18.651
18.734
18.488
17.956
17.406
16.897
16.478
16.108
15.738
15.368
15.054
14.844
14.617
14.202
13.506
12.639
12.048
11.700
11.289
11.113
11.036
10.875
8.964
6.260
5.005
4.023
3.365
3.308
3.495
5.794
9.461
13.001
16.981
19.089
19.999
23.650
31.298
41.994
54.977
70.407
88.011
107.017
126.433
144.187
158.774
169.101
204.488
203.672
203.669
203.232
202.439
201.762
201.999
177.061
202.379
202.536
202.757
202.978
203.150
202.812
201.722
177.546
177.521
178.877
178.813
178.133
178.562
178.255
177.167
176.997
177.371
177.848
178.462
178.800
179.137
180.921
182.862
183.228
183.143
183.551
195.786
195.918
196.189
196.718
197.007
196.499
195.868
195.378
184.672
184.720
185.427
186.483
193.480
194.167
194.814
195.382
196.173
196.810
196.251
195.207
194.796
194.740
193.529
191.726
190.820
190.453
192.647
196.139
197.056
196.155
195.076
197.111
202.173
205.160
206.980
209.343
210.604
210.039
208.046
208.253
212.214
215.130
215.681
219.099
226.276
237.714
254.279
273.805
295.241
316.866
337.745
357.801
375.734
388.891
428.266
432.221
435.664
436.263
434.289
434.102
435.529
436.001
436.087
437.057
437.840
437.555
438.299
441.041
443.820
449.850
461.733
478.873
500.422
523.402
545.642
564.429
579.318
589.521
593.768
594.856
594.862
594.713
595.565
596.096
596.617
596.461
596.128
596.759
597.398
598.450
599.815
598.418
591.046
583.565
576.407
564.589
548.794
530.439
512.621
495.760
480.032
464.531
449.433
436.565
426.729
421.133
418.904
418.924
419.183
418.941
420.439
422.198
422.823
423.042
422.453
420.674
418.113
416.462
416.250
414.481
404.281
401.785
398.440
392.356
382.929
371.655
357.048
338.547
317.446
295.028
272.111
249.189
227.759
166.096
167.501
164.255
164.890
167.375
167.144
165.221
162.893
161.254
161.513
162.185
162.100
161.940
159.640
150.073
132.928
113.437
93.927
74.492
56.490
41.218
29.011
19.193
12.158
9.199
9.142
8.916
7.704
7.817
9.369
10.387
10.622
10.692
9.984
10.271
11.157
10.994
10.722
10.024
9.359
8.902
8.223
6.902
4.634
4.241
8.737
15.860
22.422
30.944
43.546
59.721
79.201
100.346
121.807
142.443
160.117
172.073
176.792
177.974
179.303
181.111
182.255
181.401
180.605
180.960
181.580
183.262
185.386
185.495
185.678
186.859
187.047
194.443
197.981
202.009
207.888
218.427
235.767
257.779
282.259
308.159
333.363
356.067
375.082
387.875
433.063
436.802
437.312
436.438
436.064
435.973
436.157
436.894
438.604
442.979
450.570
461.600
477.975
498.894
521.516
542.729
561.114
576.743
588.848
595.509
597.142
597.164
596.369
596.183
597.001
596.981
597.009
597.198
596.998
596.642
596.576
595.727
594.370
594.340
593.979
592.567
592.044
592.435
593.043
594.297
595.643
595.220
590.693
582.966
574.096
561.753
543.326
520.863
497.757
475.910
456.046
439.200
427.073
419.898
417.442
417.056
417.520
418.148
417.188
416.080
417.021
418.671
419.049
418.895
419.098
419.125
419.281
419.507
418.972
417.715
416.124
414.744
406.238
403.844
400.102
394.330
386.256
375.446
362.280
346.262
327.158
305.301
282.845
261.371
240.759
222.494
167.198
170.148
171.081
172.218
173.961
172.475
170.369
170.213
171.033
171.645
171.517
170.851
170.031
168.493
168.258
170.244
171.125
171.146
168.504
162.501
156.768
149.326
139.902
130.906
124.505
120.185
113.403
102.484
88.230
72.716
57.351
42.886
29.921
19.691
15.147
15.303
15.792
15.945
16.222
15.849
14.893
14.121
14.152
14.821
20.239
28.248
34.712
41.960
51.671
65.121
81.501
99.808
119.307
138.656
156.264
170.472
180.469
186.679
189.434
190.347
190.980
191.434
191.819
187.935
188.833
189.206
188.672
187.573
187.578
188.603
188.974
187.891
186.390
185.433
185.099
185.249
184.968
185.001
186.927
194.113
201.988
212.799
227.597
246.767
269.497
294.336
319.397
343.112
363.846
379.699
389.086
432.805
437.115
439.820
439.619
438.547
438.905
439.641
439.247
439.176
438.713
438.199
438.192
438.141
437.692
437.759
437.938
438.034
438.905
439.831
441.062
443.363
447.306
452.645
460.425
473.836
491.983
511.489
531.526
551.300
568.470
581.570
590.349
594.753
596.318
596.637
596.488
596.249
595.530
594.676
594.683
595.831
598.065
599.772
599.455
594.890
588.260
581.872
571.124
555.030
536.327
515.584
492.907
470.790
451.812
436.840
426.387
420.571
418.317
417.516
418.695
421.384
421.730
421.138
420.445
417.666
414.478
413.411
403.917
397.192
390.562
386.589
385.094
384.302
383.438
381.906
380.216
379.540
380.200
381.932
383.530
384.782
383.913
378.930
372.117
363.134
349.827
332.106
311.578
289.660
267.305
245.749
226.190
211.916
168.171
164.910
164.594
165.840
166.847
168.058
168.554
168.963
169.204
167.635
165.479
163.889
163.301
162.788
161.905
161.110
158.325
151.584
145.505
136.669
120.189
100.829
81.191
62.546
45.839
31.787
20.916
14.144
10.897
9.860
10.354
10.445
10.261
11.774
13.695
14.325
13.700
12.591
11.634
11.469
11.609
14.483
21.292
28.410
35.728
46.107
60.592
77.854
96.558
116.018
135.186
152.638
167.387
178.065
184.730
192.041
192.055
191.871
192.258
192.788
193.094
193.992
195.142
195.018
194.288
193.787
193.378
193.578
194.111
194.645
195.157
195.337
194.426
194.606
197.503
201.714
206.646
211.640
220.351
236.985
259.975
286.761
314.312
339.698
361.396
378.648
390.264
431.853
435.510
438.617
439.287
437.709
438.502
440.067
440.990
442.052
442.657
442.682
444.088
448.211
453.438
459.946
471.440
488.831
510.245
532.827
553.132
568.971
580.652
588.227
590.834
590.730
589.287
587.449
587.210
587.788
588.878
589.841
589.845
587.713
580.390
571.653
562.427
548.206
530.870
512.478
492.762
472.219
453.680
438.748
427.216
418.992
415.111
415.931
418.453
419.713
419.954
420.473
419.884
417.772
415.319
406.017
404.628
400.505
395.408
390.122
382.345
369.933
353.148
332.398
308.857
283.911
259.586
238.236
220.273
168.653
168.202
166.154
166.564
166.105
164.754
164.654
165.264
164.830
160.709
150.922
135.620
117.363
98.398
79.336
60.299
42.693
28.932
19.544
14.973
13.949
14.807
15.767
16.063
16.962
17.854
18.154
17.165
15.782
14.668
16.808
24.672
32.163
37.751
46.224
58.462
73.507
84.260
86.496
86.189
86.667
87.315
87.963
88.611
89.449
91.835
97.673
106.385
113.706
119.574
128.273
138.420
146.075
149.615
151.048
155.562
163.642
171.362
176.065
177.904
179.819
182.408
184.310
195.612
196.948
197.173
196.517
195.978
195.266
195.168
195.987
195.403
185.025
185.374
186.216
186.884
186.938
186.671
186.554
186.849
188.122
192.778
197.047
202.341
205.556
206.178
207.308
208.090
207.826
208.129
208.016
207.085
206.402
204.768
204.144
204.889
206.907
209.609
210.090
209.799
209.574
209.676
209.724
209.543
209.634
209.763
209.673
209.702
210.075
210.490
210.600
211.084
211.008
210.296
209.419
207.777
207.454
207.839
207.941
207.558
207.916
209.087
211.001
213.906
217.965
224.359
231.700
238.313
242.598
247.302
255.961
266.307
276.678
287.179
295.090
300.572
305.950
314.091
327.245
343.392
359.845
375.470
388.520
427.233
431.215
435.848
437.249
436.932
437.102
437.899
438.188
438.358
439.774
441.326
443.253
444.433
442.792
439.579
436.512
435.888
438.021
382.230
380.458
381.952
435.575
432.308
429.989
427.151
397.329
400.461
402.645
403.500
403.621
401.427
397.113
393.406
390.867
388.798
385.239
381.376
377.770
371.466
364.589
358.777
352.468
345.649
337.807
328.865
319.690
310.811
300.695
291.279
284.357
276.975
267.311
257.309
248.776
239.876
229.258
218.202
208.927
173.174
170.169
165.129
160.225
155.270
151.433
149.286
148.708
149.130
149.400
149.690
150.343
150.665
150.532
151.383
153.926
155.581
152.843
147.446
144.351
140.468
132.836
124.322
116.152
107.480
96.931
87.093
80.292
73.215
65.368
58.630
51.549
45.270
42.916
43.144
42.700
39.286
33.885
29.275
25.775
23.216
21.568
20.830
20.457
19.789
18.609
17.458
16.975
15.950
14.847
15.024
15.552
15.223
15.164
15.473
14.970
14.739
15.150
15.393
15.734
17.903
20.809
21.942
22.673
23.645
24.015
23.894
23.383
24.382
27.117
29.831
34.618
40.452
42.887
45.699
51.499
57.917
65.425
75.631
89.093
105.573
124.639
143.713
159.621
169.464
174.655
178.264
201.882
202.790
202.834
202.846
203.012
203.056
203.059
203.107
203.059
203.040
203.046
202.928
201.764
199.651
198.414
198.145
198.039
198.193
197.717
183.293
184.322
185.743
187.324
188.114
187.722
187.528
187.850
188.023
188.049
188.222
187.728
186.391
185.528
185.173
185.204
185.508
185.673
185.739
185.632
185.539
185.622
185.503
185.248
185.278
185.497
185.632
185.634
185.797
186.112
186.015
185.374
185.079
184.043
183.137
183.516
183.742
183.740
183.594
183.098
182.052
181.465
181.934
182.974
184.283
185.464
184.979
184.441
184.348
183.909
184.449
185.058
184.725
185.142
186.669
187.212
186.926
186.377
185.762
185.322
185.335
185.528
185.523
185.101
183.882
183.384
184.100
184.000
183.364
185.130
188.077
191.151
192.760
194.649
198.215
202.584
204.389
204.491
205.636
210.242
216.046
220.701
229.343
244.290
262.938
282.429
300.918
319.813
339.294
358.324
375.594
387.879
431.716
436.188
440.155
441.633
441.082
441.421
442.782
442.914
442.976
443.985
447.572
457.093
472.167
488.925
504.982
520.852
536.510
549.460
559.159
568.759
579.216
587.885
592.355
593.855
594.659
594.663
593.211
592.136
592.024
592.666
593.702
594.406
595.157
596.153
596.614
594.053
588.318
581.495
571.901
556.521
536.324
514.295
492.445
471.445
452.110
435.955
424.757
419.169
417.212
416.240
417.386
419.440
419.796
419.867
419.492
418.461
415.506
403.102
396.929
391.636
386.428
378.837
371.124
362.166
347.433
329.408
309.940
290.367
272.178
257.115
245.469
234.387
221.939
167.427
169.402
166.401
163.001
161.690
162.327
162.566
162.499
162.174
161.200
161.028
160.402
160.265
159.979
156.672
148.675
133.681
115.175
95.457
74.760
55.124
37.812
24.617
16.571
13.503
13.747
15.120
15.335
15.135
15.957
15.788
14.601
14.219
18.458
26.857
35.591
45.753
59.177
75.964
94.971
115.449
135.990
154.294
169.001
179.693
193.575
192.998
193.478
194.248
193.657
193.613
195.187
195.178
193.412
192.744
195.280
197.687
197.441
196.657
197.227
197.381
196.364
196.124
195.703
195.353
195.527
195.972
196.381
196.496
196.780
196.746
199.184
203.110
207.964
216.804
229.855
248.272
271.109
296.429
321.613
344.146
362.713
378.022
389.395
431.892
435.827
438.603
438.470
436.062
434.838
434.237
434.612
434.849
435.220
437.287
439.747
442.645
445.505
448.558
454.561
465.296
481.572
502.315
524.016
544.707
563.471
578.750
588.684
592.664
592.980
591.722
590.347
589.853
589.924
589.741
589.386
589.580
590.171
590.752
588.127
580.518
572.499
563.429
548.959
530.332
509.636
488.036
466.723
447.638
432.581
422.425
417.127
415.033
414.560
414.552
416.087
418.458
418.678
418.578
419.475
420.495
421.244
421.494
421.401
421.311
421.202
419.980
417.304
414.213
412.310
408.011
406.542
405.303
405.699
403.356
398.320
393.580
386.097
373.997
356.629
335.497
312.302
287.630
263.285
240.785
221.623
168.469
167.739
164.000
163.184
163.323
162.818
162.396
162.596
162.735
162.027
159.349
151.684
137.950
120.206
101.241
82.018
63.031
46.003
32.384
22.688
16.641
14.102
13.553
13.560
13.433
13.385
13.354
13.336
14.590
16.470
17.851
18.761
19.102
18.527
17.649
16.826
16.102
15.355
15.538
17.250
17.459
17.981
23.465
31.347
39.977
52.192
68.436
87.493
108.761
130.246
150.773
168.673
180.536
195.156
194.917
195.372
195.416
194.947
194.529
194.306
194.077
193.849
193.621
193.465
193.419
193.512
193.430
192.959
192.410
187.143
186.990
186.558
186.404
186.730
186.668
187.125
188.620
196.038
203.456
213.192
226.827
243.659
262.814
284.756
307.836
329.903
350.192
368.315
381.422
389.212
432.340
435.522
437.148
436.571
435.498
434.948
435.183
436.525
437.528
440.676
448.099
458.639
473.443
492.847
514.028
534.958
554.907
571.637
583.557
591.002
594.092
594.608
595.045
594.284
592.734
592.329
592.814
593.382
593.760
595.202
596.548
596.573
596.630
597.062
597.104
596.792
596.434
596.066
595.967
596.349
597.141
597.188
597.150
597.768
598.216
598.593
598.850
598.419
597.977
597.877
597.454
597.424
597.370
596.831
596.551
596.638
596.937
594.480
588.043
581.192
573.530
561.070
544.233
525.804
506.592
487.143
468.646
451.887
437.905
428.046
422.217
420.185
421.853
423.584
422.971
421.982
421.251
420.255
418.949
418.261
420.253
421.577
421.770
423.599
424.664
424.898
426.293
431.263
436.713
433.795
427.756
425.849
391.404
381.658
368.470
351.839
332.006
310.114
287.675
265.854
245.112
227.188
213.172
168.965
165.557
163.630
164.788
166.288
165.100
162.763
162.316
162.932
162.599
161.713
161.017
160.705
160.736
159.667
159.047
157.236
147.872
130.822
110.472
89.733
69.009
49.863
33.835
21.263
12.321
7.348
5.836
6.931
8.824
9.783
9.820
9.245
8.641
7.616
6.862
7.003
6.648
4.828
3.133
2.606
5.467
11.546
17.314
25.181
36.762
50.873
67.099
84.444
101.426
118.249
134.671
149.839
162.759
173.041
179.803
199.442
199.340
199.200
199.293
198.930
198.575
198.316
198.058
197.799
197.540
197.282
197.023
196.764
196.506
196.247
195.988
195.730
195.471
195.212
194.954
194.669
194.294
193.969
193.498
192.753
193.960
198.162
205.371
215.792
230.272
249.753
272.454
296.513
320.212
342.477
361.843
376.167
385.953
431.192
434.063
437.847
439.266
438.309
437.393
437.940
439.000
439.949
440.617
442.632
448.298
456.966
469.706
486.074
503.002
520.057
537.112
551.391
561.822
571.878
581.144
587.124
589.200
589.148
588.756
587.975
587.323
586.744
586.557
586.501
586.199
585.998
586.261
586.330
586.130
587.065
588.065
587.234
583.340
579.761
577.118
575.360
576.744
577.845
577.413
576.492
574.781
573.208
570.812
566.374
562.192
555.098
543.885
532.733
522.065
511.370
499.067
483.967
468.158
454.706
444.133
434.249
424.442
400.448
401.153
400.599
400.326
401.268
402.581
403.311
403.255
402.907
402.402
401.750
400.259
398.327
397.401
397.842
398.483
397.435
395.188
390.532
380.816
367.052
349.949
328.860
304.698
279.765
255.688
233.396
215.563
168.380
164.756
163.560
165.363
166.116
164.623
162.738
161.483
161.098
161.054
158.299
149.819
134.971
116.526
97.341
78.156
59.129
42.198
29.185
19.621
13.073
9.463
7.988
7.740
7.426
6.735
6.671
7.348
6.179
5.153
5.777
6.347
6.708
5.916
5.012
4.322
3.967
3.768
3.138
2.647
5.028
9.374
14.452
23.519
37.269
54.991
75.522
97.685
120.977
142.803
160.379
172.402
178.835
181.264
181.835
182.277
183.098
183.934
196.117
196.802
197.210
181.439
181.340
181.932
182.965
184.623
185.428
186.155
187.484
187.766
188.121
188.803
189.397
192.500
197.620
206.078
219.277
236.888
257.633
280.271
304.229
328.335
350.827
370.631
386.475
428.128
430.806
434.798
436.400
435.672
434.937
436.141
437.211
436.582
436.177
436.518
436.953
437.593
438.119
438.278
438.503
439.189
439.607
444.037
454.761
468.408
485.051
504.249
522.993
539.941
555.621
569.781
581.111
588.210
591.014
590.703
589.998
590.742
591.155
590.332
589.681
589.195
588.638
588.554
588.796
589.283
589.461
589.103
588.739
587.622
586.260
581.125
575.311
574.051
572.359
564.895
550.785
532.803
513.516
494.270
475.207
457.351
441.529
428.483
419.579
415.170
414.774
416.496
418.236
418.932
418.593
418.213
417.509
415.248
406.208
405.469
405.305
405.091
404.604
404.471
404.825
405.116
405.050
404.965
404.848
404.871
404.933
404.593
404.144
403.908
403.865
403.892
403.356
402.616
401.977
401.614
400.599
397.779
393.982
391.008
388.151
382.819
374.803
363.624
347.650
327.254
304.697
281.554
258.225
236.014
217.989
168.167
165.495
162.370
161.237
161.193
161.297
160.209
158.843
156.861
149.974
137.725
121.082
101.819
82.600
63.585
45.461
30.927
20.330
13.229
9.770
9.354
9.157
8.268
8.375
8.229
7.983
9.000
9.509
9.049
9.002
9.502
9.709
9.483
8.981
7.745
6.512
6.290
8.242
11.427
13.782
15.555
16.775
20.023
27.912
39.501
55.369
75.521
98.573
121.861
141.943
158.387
170.199
203.249
201.563
200.917
201.263
201.785
202.063
201.909
201.693
201.638
201.237
198.921
196.402
183.410
182.350
182.520
182.836
183.947
185.076
198.757
207.248
220.247
235.743
251.298
264.496
275.982
290.409
309.382
329.943
349.248
366.016
380.062
389.221
434.203
436.681
435.346
434.054
434.628
436.033
437.438
439.122
443.992
454.893
469.161
486.274
507.686
530.875
552.269
569.687
582.922
591.794
596.324
597.921
598.458
599.590
600.000
599.623
599.076
600.000
600.000
600.000
599.777
599.047
599.229
599.299
599.045
598.350
598.412
599.040
599.545
600.000
600.000
599.651
599.870
600.000
596.603
588.742
579.044
567.089
551.306
532.259
511.570
490.382
469.833
451.180
436.049
425.581
420.069
420.036
422.722
424.097
423.802
423.550
423.260
421.862
419.051
415.971
402.897
398.265
392.803
386.342
377.486
364.970
348.381
328.051
305.825
282.870
260.194
238.861
220.189
168.182
166.550
162.577
161.458
162.638
163.418
163.620
163.721
163.560
162.839
162.204
162.094
161.996
161.023
159.833
159.229
158.996
157.226
149.807
135.879
117.157
95.924
74.362
53.967
35.998
21.441
12.030
8.142
6.694
6.123
7.142
9.312
9.464
7.930
7.635
7.938
7.849
7.501
7.267
6.795
4.768
2.193
4.160
11.147
19.309
25.883
32.756
43.369
57.748
75.636
95.587
116.378
136.835
154.430
167.920
177.271
197.844
197.544
196.974
196.662
196.799
182.840
183.718
195.573
195.210
194.847
194.485
194.122
193.936
195.818
199.538
205.099
213.093
225.234
243.526
266.064
290.298
314.147
336.690
356.993
374.294
387.399
430.349
433.990
438.193
442.121
445.896
447.905
447.210
446.670
446.474
445.441
446.152
446.476
445.882
449.630
457.788
468.477
482.590
499.121
516.401
533.991
551.696
568.572
581.708
589.719
592.913
593.319
593.179
593.167
593.454
593.961
593.522
592.604
592.073
591.533
591.119
590.685
590.719
590.974
591.883
593.042
593.385
593.790
593.914
592.269
588.550
586.072
586.023
586.248
584.668
582.802
576.969
563.504
546.955
527.915
506.674
484.954
464.220
445.618
430.329
399.165
400.014
399.973
422.906
424.667
424.948
425.053
424.867
424.331
422.847
420.067
402.775
402.718
401.755
417.804
401.929
396.335
389.058
379.734
366.917
349.738
329.102
306.497
283.232
259.892
238.192
220.824
168.822
168.033
165.455
167.502
169.091
167.336
164.946
164.024
162.345
159.548
157.872
156.546
154.601
150.386
140.790
126.162
108.363
88.206
67.603
48.169
31.993
19.598
11.430
7.774
7.646
8.688
9.163
9.163
9.245
9.441
9.640
7.822
4.607
3.241
4.908
9.865
16.373
25.095
37.004
51.957
70.292
90.810
111.945
132.542
150.771
163.392
170.495
175.830
180.812
183.744
184.447
195.170
183.926
183.035
183.220
183.818
184.145
185.254
186.938
186.811
186.668
186.710
187.225
195.287
201.783
211.720
225.994
243.591
263.649
285.282
307.051
328.070
347.809
365.652
379.857
386.538
439.305
444.210
447.131
447.833
448.209
449.073
449.516
450.698
451.101
450.671
450.976
451.642
451.656
452.046
456.265
463.346
472.498
484.608
499.646
517.567
536.994
555.844
572.208
583.035
586.720
586.190
585.956
586.388
586.052
585.624
585.440
585.770
585.888
585.640
585.371
585.067
585.678
585.844
585.723
586.139
586.100
585.291
582.944
580.522
580.106
580.435
582.137
584.440
585.764
587.201
587.389
584.686
578.603
571.977
565.922
559.402
550.381
537.216
521.020
502.012
481.944
463.192
446.422
431.964
421.359
403.676
417.493
419.333
420.238
420.990
421.457
421.719
421.279
420.346
419.395
417.645
403.447
403.225
417.350
417.204
417.982
421.291
423.868
425.088
426.969
429.734
434.159
438.029
437.794
435.325
434.738
433.768
431.154
430.030
430.160
430.077
429.579
427.681
394.558
390.791
385.723
382.234
378.232
373.351
369.846
367.773
367.431
366.469
362.535
356.876
348.123
334.572
318.872
302.504
286.239
269.708
252.050
234.212
218.798
168.646
167.512
163.609
160.557
160.956
162.464
161.735
160.477
159.326
158.704
158.396
157.644
155.035
147.233
134.365
118.481
100.353
81.353
62.341
44.193
28.644
17.613
10.573
6.389
4.888
5.470
5.657
4.423
3.217
2.298
1.300
2.769
8.866
16.762
24.500
33.510
45.374
59.979
76.665
94.989
114.239
133.195
149.993
162.440
168.985
172.150
175.005
177.229
178.431
179.184
178.616
176.773
176.581
177.221
176.847
177.702
179.419
178.390
177.313
177.049
175.515
175.151
175.780
176.239
176.684
176.921
177.278
177.758
178.198
178.664
179.023
179.261
179.499
179.844
180.200
180.524
182.324
183.588
201.171
208.036
215.662
226.886
242.586
260.211
275.989
291.510
310.164
330.028
349.129
366.914
382.291
431.270
433.885
437.537
437.602
437.154
437.607
437.586
436.945
436.432
436.502
436.878
437.828
438.952
439.272
439.785
441.000
441.706
441.228
440.128
438.186
434.402
431.986
432.572
433.914
437.423
445.167
454.841
467.542
485.730
506.897
528.839
549.384
566.471
579.752
589.423
594.775
596.492
596.912
597.121
597.029
596.137
595.661
595.490
595.120
595.256
595.809
596.746
597.896
597.162
595.559
596.203
597.429
598.414
599.658
598.329
590.492
580.594
576.632
577.772
581.156
584.704
587.380
589.589
590.883
591.637
591.249
590.714
590.979
591.267
591.447
591.713
591.397
590.392
590.055
590.007
589.676
589.645
589.572
589.677
589.929
590.007
589.769
589.551
589.591
589.913
590.954
593.585
596.297
597.331
597.731
597.642
597.442
597.632
597.980
597.765
597.368
596.551
594.826
593.436
592.942
592.215
591.542
591.413
590.982
591.008
591.125
591.275
591.754
592.604
593.343
593.640
593.797
591.110
586.219
582.960
580.868
578.444
576.115
573.840
572.436
571.580
571.516
572.086
571.223
568.989
563.170
552.935
539.389
523.033
505.415
487.795
470.916
454.754
440.363
428.745
421.515
419.220
420.020
421.748
422.951
423.297
423.087
422.940
422.747
421.430
418.588
415.636
405.455
401.572
397.082
393.485
389.822
387.401
387.796
387.699
381.920
373.485
364.021
350.330
332.273
311.045
289.039
267.079
245.403
226.033
212.194
167.812
163.478
160.392
157.932
157.373
158.508
159.045
159.452
159.941
159.497
158.190
155.345
151.538
145.816
135.194
120.697
104.005
86.004
68.287
51.531
35.549
23.247
17.215
16.739
18.596
19.558
18.831
18.338
19.099
19.301
19.140
19.078
18.766
18.499
20.223
25.313
31.381
37.514
45.357
56.163
70.068
86.328
104.054
122.609
141.356
158.995
173.359
182.250
186.106
187.925
190.893
190.000
190.000
191.074
188.106
187.282
186.628
186.438
185.924
185.351
185.241
186.189
187.594
188.295
188.260
188.040
187.307
187.172
188.922
194.397
201.561
210.437
223.116
239.599
258.623
279.421
300.892
321.783
341.718
360.350
376.632
387.935
432.745
435.492
435.691
435.329
435.437
435.463
435.867
435.949
436.162
436.823
437.050
438.438
440.171
442.673
449.985
461.436
475.599
492.339
510.136
527.634
544.508
560.163
573.255
583.288
589.524
591.502
590.867
590.407
589.958
590.484
590.939
589.421
588.423
588.222
587.766
587.534
588.214
588.550
588.812
589.315
589.680
589.834
589.615
589.162
588.575
588.148
587.795
587.597
587.907
588.505
586.269
578.337
569.949
563.322
553.101
539.034
522.841
504.248
484.283
464.954
447.343
432.459
421.859
416.068
415.918
418.289
418.988
418.691
418.164
417.525
415.789
403.799
401.704
399.178
395.794
390.744
383.476
373.887
360.412
343.374
324.661
304.757
284.920
266.078
247.493
229.659
215.445
166.992
162.533
159.469
158.837
158.472
158.276
158.080
156.261
153.776
153.103
152.928
152.452
152.293
149.860
143.554
132.699
118.104
102.886
87.639
71.244
53.952
37.887
24.797
16.535
13.897
13.827
13.315
13.497
14.918
15.337
14.958
15.042
15.154
15.311
15.129
14.740
15.014
15.537
15.825
16.564
18.302
23.991
31.684
37.820
44.676
53.674
66.006
81.450
99.233
118.957
138.393
153.339
163.458
172.385
181.313
187.826
190.260
189.260
188.107
188.565
189.829
189.502
191.214
191.519
191.591
192.055
192.270
192.199
191.749
191.361
188.114
187.737
187.349
187.325
187.074
186.374
186.171
186.447
187.266
191.141
191.332
191.782
195.322
201.595
208.528
217.633
231.105
248.843
268.081
285.963
298.827
305.790
311.642
321.366
335.343
349.611
363.225
375.822
386.548
430.058
433.496
436.878
436.176
434.473
434.535
435.505
435.810
436.016
436.947
438.293
439.406
439.497
439.303
439.812
440.399
441.125
442.607
444.038
444.208
443.546
442.275
439.962
440.442
442.959
442.452
443.396
449.920
460.583
474.305
490.357
508.131
526.715
545.505
562.642
576.014
584.639
587.822
586.815
586.354
586.453
585.186
584.310
584.873
585.306
584.727
584.462
584.270
583.978
583.748
584.209
585.216
585.611
582.856
575.695
568.684
562.336
552.068
538.254
522.651
505.254
486.506
467.531
449.511
434.031
422.703
416.540
414.383
414.243
414.984
415.499
416.500
416.238
414.993
416.030
415.114
413.878
414.951
416.680
418.969
419.838
419.841
419.567
419.378
418.702
416.964
415.472
414.497
413.657
413.169
407.147
404.961
403.957
403.971
403.005
400.111
394.389
386.873
377.500
365.638
350.538
331.620
310.122
287.620
265.168
243.384
223.762
167.953
169.341
165.480
163.820
165.336
166.035
165.407
165.074
164.645
163.369
162.240
161.218
157.346
149.253
136.936
120.698
102.529
84.476
67.082
49.842
34.022
21.944
14.083
10.216
9.966
10.419
9.531
8.686
8.966
8.860
7.625
6.874
7.302
8.320
9.501
7.616
4.942
4.952
7.115
13.823
22.084
28.141
35.053
46.265
61.881
79.565
97.249
115.150
134.078
152.745
166.509
174.427
179.349
181.853
181.434
180.033
179.659
179.710
179.087
178.594
179.337
181.265
183.341
183.468
183.778
197.955
199.273
199.613
202.339
207.772
217.752
233.032
252.030
272.892
294.130
314.980
334.728
352.932
369.277
382.524
433.432
436.460
440.778
443.644
443.803
443.503
444.781
445.940
446.038
444.932
444.413
445.042
445.662
446.359
447.123
447.745
448.237
448.259
448.581
451.040
456.636
464.444
475.236
489.165
504.785
521.654
539.644
556.903
571.001
582.185
589.710
593.086
593.687
593.382
593.641
594.308
594.201
594.627
595.432
595.785
596.322
596.318
596.126
596.509
597.750
597.847
594.057
586.814
579.125
570.112
558.276
543.471
525.328
505.540
485.391
465.897
448.361
433.741
423.556
401.315
402.014
419.477
420.830
421.931
421.730
421.083
421.302
421.675
421.493
419.974
417.639
417.246
417.679
416.654
415.469
404.578
403.129
402.316
399.528
394.291
388.598
382.449
374.335
363.003
347.785
329.434
308.857
286.912
264.585
242.737
223.124
168.028
167.440
163.577
162.765
163.089
162.930
162.828
162.068
161.258
161.609
161.344
157.560
148.908
136.090
119.740
101.242
82.390
64.067
47.204
32.522
20.465
11.290
6.455
5.402
5.545
6.329
7.286
7.073
6.307
5.953
6.169
5.741
4.136
2.686
1.925
1.897
3.982
7.352
10.877
16.123
22.291
29.620
40.829
56.333
74.931
95.770
115.275
131.913
147.857
163.801
176.560
182.001
181.948
181.102
181.088
181.165
180.847
180.236
179.961
180.116
180.820
182.904
185.765
192.849
193.464
193.694
193.059
192.203
192.097
195.627
202.257
210.082
221.475
237.313
256.267
277.268
298.725
319.680
339.811
358.416
374.717
386.771
431.951
435.411
436.712
435.972
435.711
436.022
436.236
435.716
435.129
435.051
435.682
436.920
437.656
438.225
439.024
439.361
439.996
442.858
447.480
451.541
456.230
463.104
472.575
485.605
501.244
518.040
535.241
552.287
568.216
581.024
588.813
591.466
591.005
591.013
591.648
591.764
591.804
592.373
593.116
593.112
593.000
593.861
595.092
594.642
591.493
589.344
587.725
583.156
574.540
560.946
543.658
523.634
502.355
480.866
460.468
442.917
428.830
419.105
404.645
416.430
419.227
420.567
420.546
421.046
421.693
421.025
419.530
417.222
403.982
402.862
402.337
401.604
398.923
395.428
391.360
385.858
378.618
368.837
356.826
342.067
324.158
303.614
282.427
261.810
242.061
224.554
166.431
165.548
161.669
160.949
161.369
161.220
160.576
160.294
161.213
161.754
161.892
162.699
161.045
156.433
149.099
137.124
121.180
103.232
84.864
66.981
50.739
36.665
24.742
16.399
12.368
11.534
12.929
15.033
15.738
16.050
16.643
16.469
16.002
14.984
13.838
16.522
20.315
21.482
22.757
23.005
25.211
31.253
37.515
45.105
54.393
63.887
74.798
88.622
105.197
123.945
142.451
158.476
170.953
179.632
185.944
192.610
192.763
192.891
192.848
192.822
192.191
191.402
191.338
191.651
192.035
191.995
191.838
192.127
194.442
198.842
204.652
212.012
221.392
235.001
252.748
272.784
294.014
315.733
336.969
356.535
373.385
385.575
432.533
435.566
438.756
438.487
436.660
434.498
432.951
434.430
436.298
437.635
438.780
439.319
438.832
438.059
440.274
445.234
449.928
454.947
461.750
471.043
483.719
499.513
516.868
533.868
550.463
565.611
577.423
585.725
590.545
591.721
591.305
590.976
591.280
591.352
590.735
590.692
591.058
591.040
590.544
589.612
588.634
588.071
587.762
587.754
588.091
588.476
587.963
587.324
587.149
587.475
588.235
588.634
588.459
587.967
586.570
584.535
584.378
583.471
578.870
572.742
564.638
552.652
536.855
518.157
497.855
477.715
458.744
441.484
427.955
419.542
415.848
414.568
414.728
416.211
417.162
417.594
417.294
416.125
414.973
413.468
405.906
403.177
399.689
397.056
393.330
386.665
378.298
367.650
357.738
353.511
352.838
351.814
349.975
349.299
349.642
349.146
348.595
348.554
348.527
348.576
348.067
346.954
346.110
346.007
345.981
346.235
347.412
347.892
349.159
349.759
348.132
345.720
341.935
336.412
327.590
318.140
310.094
301.434
293.107
285.334
276.110
264.419
251.267
238.005
225.039
213.362
168.653
165.824
163.652
163.977
164.276
163.477
162.804
162.256
161.710
160.559
158.897
158.970
160.015
159.355
155.503
148.432
138.536
125.659
110.448
93.701
76.676
59.775
43.626
29.973
19.873
14.126
12.255
12.179
12.972
15.077
15.949
14.740
14.639
16.166
16.989
15.785
13.999
14.313
19.880
27.715
33.996
41.415
51.900
65.501
82.304
101.331
120.679
139.800
157.802
170.611
177.881
183.539
188.220
190.000
190.000
189.243
187.676
187.409
187.086
185.920
185.421
185.392
185.672
186.368
187.945
190.000
190.000
188.447
188.478
190.000
192.371
198.134
204.250
210.161
217.788
231.315
249.416
269.635
291.016
312.173
332.352
351.338
368.690
382.513
389.012
435.388
438.141
438.503
438.211
439.001
439.201
438.475
438.446
441.672
448.493
458.809
473.536
491.643
510.394
527.626
543.762
559.714
573.578
583.050
588.129
589.912
589.741
590.067
590.366
589.497
589.065
588.952
589.100
589.092
588.143
587.281
587.030
587.011
587.549
587.967
587.953
586.355
581.426
575.245
568.730
560.354
548.163
532.227
514.084
494.648
476.167
459.200
443.495
430.293
421.004
416.088
415.155
417.025
418.758
419.362
419.921
420.234
419.238
416.146
405.252
402.834
401.396
400.920
399.534
396.818
392.300
384.938
374.784
361.715
345.751
327.719
308.321
288.691
269.623
250.933
233.068
218.471
165.595
162.090
159.513
159.712
160.254
160.666
160.392
160.155
160.454
160.391
161.208
160.690
156.122
150.155
142.014
129.252
113.156
95.302
76.577
58.549
42.257
28.208
18.392
14.030
12.933
12.978
14.384
15.792
15.995
15.746
15.692
15.897
15.595
14.433
13.517
13.445
13.523
13.601
13.650
14.438
17.095
19.374
19.422
20.058
23.852
29.174
35.530
43.411
53.729
68.125
85.745
105.413
125.587
144.804
161.362
174.058
198.827
198.139
198.108
198.188
197.749
197.287
197.129
197.681
197.465
196.498
196.291
182.475
182.062
182.753
183.786
183.712
183.143
182.583
182.106
182.391
182.251
182.187
182.497
183.353
185.320
198.521
206.227
215.112
227.444
243.426
261.639
281.128
301.411
322.416
342.891
361.636
377.584
387.961
433.905
436.729
436.600
435.927
436.488
437.799
438.089
436.764
436.884
437.864
438.489
440.012
445.044
452.198
460.731
473.029
488.987
507.029
525.725
544.256
561.368
575.695
585.899
591.947
594.256
593.816
593.357
593.797
593.890
593.178
592.562
592.517
593.305
594.418
595.157
595.441
595.295
595.903
597.059
597.916
597.859
594.459
587.926
581.631
576.058
567.889
555.686
540.723
524.361
507.567
489.940
472.343
456.184
442.149
431.189
424.398
421.555
421.215
421.544
422.267
422.923
421.921
421.190
422.716
424.059
423.821
423.592
424.019
425.184
426.184
426.538
426.615
424.699
420.784
417.251
416.526
417.964
418.615
418.403
416.864
401.667
396.076
390.879
385.606
378.579
368.789
355.435
338.859
319.985
299.542
278.616
257.941
238.676
222.214
167.653
168.573
166.392
166.208
165.975
164.808
163.963
163.959
164.427
164.890
164.851
164.477
164.272
163.956
162.527
161.540
161.855
161.139
156.944
148.785
136.860
122.358
106.694
89.273
71.876
55.343
39.644
26.189
15.916
9.794
8.508
10.268
11.796
11.731
10.416
8.273
6.713
6.425
6.016
6.087
8.806
12.800
16.881
21.433
25.332
29.202
35.981
45.603
57.121
70.588
85.119
101.490
119.229
136.611
151.584
162.952
170.836
204.459
204.665
204.748
203.966
202.990
202.174
201.663
201.322
200.297
179.868
178.222
177.686
178.263
178.862
179.491
179.950
181.885
196.173
201.671
209.863
219.780
232.336
245.075
257.262
272.708
291.552
311.648
331.899
350.871
367.768
381.544
390.465
432.329
436.821
439.913
439.415
437.548
438.483
439.926
439.853
439.343
438.834
438.481
439.362
441.291
442.057
442.111
442.044
444.101
445.609
444.864
446.710
452.616
462.345
475.184
490.884
508.028
525.330
542.121
557.847
571.399
580.184
583.665
583.405
581.740
580.969
580.631
580.997
582.900
584.469
584.587
583.474
582.567
582.669
579.372
572.398
565.303
556.538
543.792
527.935
510.364
492.162
475.111
458.917
443.391
430.388
422.619
420.520
420.985
422.371
423.094
422.493
422.888
424.296
425.058
425.077
424.654
424.417
424.439
424.182
423.281
421.776
420.017
416.877
404.145
402.577
402.247
401.361
400.029
400.203
400.769
398.793
394.493
388.161
380.273
370.199
357.220
341.467
322.860
302.328
280.927
259.512
238.921
220.990
167.922
166.790
163.477
163.480
165.408
165.771
164.871
163.916
162.977
162.510
162.770
163.453
163.615
162.468
161.143
160.225
156.228
147.589
134.930
118.631
99.865
80.493
62.797
47.213
33.438
22.324
15.509
13.357
14.954
17.112
17.890
18.082
17.110
15.569
14.670
14.332
18.545
26.456
34.354
43.291
53.191
64.982
79.360
96.082
114.336
133.484
152.766
169.434
180.811
186.699
190.958
190.000
190.000
191.304
191.783
186.679
184.958
184.741
184.869
186.023
188.487
192.160
194.592
197.700
201.676
207.437
215.718
228.004
244.604
264.167
285.188
306.519
326.815
345.552
362.450
376.380
384.687
438.073
442.906
446.203
448.127
448.405
450.071
451.186
451.030
451.322
450.209
448.297
446.260
444.858
446.602
450.337
452.904
453.604
453.897
457.192
460.706
461.080
460.503
461.169
462.857
464.442
467.599
472.886
476.617
482.766
492.543
501.069
509.735
519.804
532.474
546.958
561.518
574.621
584.875
591.979
595.588
596.944
597.749
598.487
598.245
597.761
598.694
599.489
599.508
599.878
599.873
600.000
600.000
600.000
600.000
600.000
600.000
600.000
600.000
600.000
600.000
600.000
599.733
599.407
600.000
600.000
600.000
600.000
600.000
600.000
599.914
596.962
594.327
593.838
595.068
595.924
595.980
595.874
595.450
595.332
595.653
595.789
595.630
593.729
586.979
579.158
571.893
561.959
552.995
546.303
538.161
530.412
525.153
519.346
509.774
495.993
480.712
465.155
450.722
438.273
428.764
423.499
421.220
420.371
421.241
421.088
420.730
421.342
421.974
422.785
421.330
420.613
421.302
420.476
418.472
415.656
414.663
415.535
415.847
416.299
416.442
415.927
415.644
415.895
416.805
417.793
419.521
421.398
421.297
419.178
417.452
418.095
419.039
418.269
417.328
415.020
407.721
407.031
406.028
405.037
404.046
403.056
401.484
398.499
395.879
395.979
395.913
392.758
387.659
380.718
373.672
368.919
363.497
354.953
345.554
334.031
318.348
300.537
281.092
260.731
241.038
223.745
166.631
167.766
164.299
161.212
158.037
152.743
147.712
143.866
141.544
142.975
146.247
146.891
144.578
142.203
141.349
143.298
144.777
140.583
133.931
124.815
111.533
96.125
79.225
62.151
45.992
32.361
21.890
15.164
12.357
11.662
11.669
11.075
10.647
10.938
11.435
13.175
13.377
11.873
11.532
11.929
13.695
15.654
15.831
15.228
14.853
15.134
16.721
19.184
21.505
22.570
22.344
23.414
28.245
35.149
44.575
58.515
74.634
89.758
103.478
116.989
131.732
147.601
162.757
174.226
180.549
183.668
184.673
185.765
186.842
187.197
188.644
191.211
192.958
192.600
191.906
193.142
195.545
197.001
198.678
199.621
199.267
198.629
197.143
194.887
193.831
194.608
195.337
195.362
194.353
192.962
193.125
196.011
201.208
204.859
205.730
205.701
205.500
205.206
204.292
204.678
206.650
207.776
208.146
208.622
208.796
208.839
209.176
209.131
208.931
209.354
209.816
209.702
209.875
210.531
210.663
210.075
209.228
208.609
208.023
205.752
203.121
201.932
202.056
174.004
169.350
166.452
164.500
162.782
160.451
157.268
152.436
148.722
144.755
137.113
129.558
124.588
118.898
112.491
106.001
99.601
93.861
87.825
81.711
76.381
71.789
67.128
61.851
56.974
52.708
48.051
45.538
43.823
41.148
38.940
35.808
32.139
29.925
27.541
26.018
24.981
22.744
21.330
21.389
22.944
24.552
25.200
25.096
24.948
25.824
26.029
24.896
22.406
18.735
16.915
16.523
16.144
16.125
16.393
16.684
16.706
16.802
16.818
16.483
16.305
16.265
16.155
16.223
16.296
16.251
16.256
15.747
13.929
12.583
12.561
12.938
13.084
12.774
12.454
12.223
11.985
11.362
12.654
15.081
15.670
15.172
14.832
14.183
11.930
10.592
11.209
11.707
11.973
11.751
11.377
11.344
11.708
12.993
14.131
14.512
15.316
16.686
17.984
18.684
18.588
18.134
17.737
17.593
17.354
17.071
17.362
18.474
19.499
19.800
19.787
19.570
19.204
18.935
18.246
16.151
15.067
14.874
14.105
13.892
13.652
14.210
16.938
19.306
20.852
22.913
24.669
25.778
26.101
26.064
26.239
26.374
26.307
26.307
26.002
25.191
24.061
23.672
24.127
24.307
24.281
24.232
24.091
24.056
23.791
23.385
23.217
23.354
22.959
22.756
24.514
26.305
27.403
29.541
33.232
37.993
42.687
45.974
48.559
52.691
58.202
62.748
66.051
69.006
71.258
73.000
74.342
75.148
75.517
75.675
75.660
75.444
75.201
74.243
74.187
77.465
80.833
83.015
86.177
90.475
95.135
98.230
99.519
100.238
100.863
101.488
102.113
102.738
103.374
104.421
105.158
105.895
107.783
109.448
109.957
109.721
109.290
109.113
109.123
109.079
109.008
109.017
108.987
109.305
109.554
109.484
109.427
109.248
109.111
109.067
109.077
109.074
109.271
109.373
109.478
109.596
109.378
109.507
109.848
109.844
109.842
110.001
110.102
110.006
110.138
110.400
110.249
110.033
110.191
110.387
110.489
110.605
110.641
110.879
111.038
111.020
111.148
111.384
111.687
111.803
111.548
111.504
111.978
111.920
111.399
111.745
111.875
111.445
112.069
112.507
111.612
111.098
111.524
111.848
111.844
111.727
111.625
111.429
111.368
111.531
111.675
111.818
111.962
112.105
112.248
112.392
112.535
112.679
112.822
112.966
113.109
113.253
113.396
113.540
113.683
113.826
113.970
114.113
114.257
114.400
114.544
114.714
116.031
118.014
121.020
127.008
135.480
142.627
145.224
145.574
145.835
145.387
145.429
148.220
152.766
158.360
164.797
171.622
178.003
181.528
181.532
180.376
180.206
180.908
181.936
182.531
182.452
181.695
180.296
179.218
178.878
178.953
179.049
178.984
178.931
178.954
179.295
179.466
179.216
179.762
181.137
182.040
182.710
183.701
184.150
183.875
183.132
182.481
182.556
182.496
182.166
182.402
182.483
182.608
183.007
183.321
183.221
182.556
182.438
182.468
182.615
182.819
182.810
183.002
183.168
183.294
183.406
183.454
183.544
182.578
181.001
180.693
180.883
181.237
182.346
184.247
185.569
186.472
187.316
186.693
185.184
184.945
185.227
184.664
184.117
183.570
183.023
182.476
181.929
181.683
179.471
175.278
171.734
170.013
170.251
171.329
173.975
176.942
177.997
177.258
205.606
209.989
215.121
222.413
232.876
242.998
248.112
253.109
262.941
276.122
290.923
307.016
323.895
339.117
350.443
354.701
354.916
355.568
356.259
358.302
362.020
366.118
370.405
376.588
383.687
389.737
429.958
432.429
434.494
435.894
437.230
438.586
439.806
440.196
440.079
440.752
441.745
442.439
443.418
444.990
446.042
446.943
450.854
457.799
467.003
478.841
491.836
504.831
517.826
530.821
543.816
556.811
569.517
579.597
586.572
591.305
594.114
596.117
597.495
598.421
597.828
595.256
594.079
595.875
596.233
594.322
593.829
594.072
593.763
593.702
593.731
593.992
593.959
592.899
592.666
593.438
593.876
593.992
593.372
591.152
588.001
582.981
576.616
569.373
558.714
544.018
526.548
508.767
491.990
476.130
460.386
446.274
435.411
426.727
420.557
417.612
416.892
417.045
418.293
419.931
419.742
420.174
420.244
419.143
419.703
420.421
420.554
420.513
419.457
416.501
414.059
413.774
415.225
417.428
419.447
420.245
420.272
420.545
420.282
420.239
420.278
420.195
419.004
417.170
417.291
418.963
420.583
420.959
419.278
417.461
416.098
415.347
415.177
415.610
417.093
418.094
417.718
416.394
416.134
415.988
414.114
407.401
407.895
412.236
407.310
414.029
415.341
417.310
417.752
414.709
408.483
407.729
407.228
407.339
407.635
412.665
411.842
408.380
408.432
408.281
412.509
412.835
412.864
412.756
412.634
412.556
412.521
412.456
412.487
412.744
413.021
413.220
413.680
414.395
415.218
416.252
416.833
416.926
417.107
417.215
417.335
417.648
417.811
417.498
416.944
416.576
416.653
417.596
418.987
419.559
418.342
415.746
406.488
405.782
404.335
402.939
401.825
398.877
396.489
396.376
396.145
392.929
386.468
379.880
372.080
361.144
349.138
338.462
328.006
314.647
298.041
279.450
260.601
242.336
226.073
164.551
167.086
164.608
161.197
158.735
158.001
158.020
157.554
156.936
155.848
154.215
153.513
153.104
147.663
135.902
122.411
108.919
95.428
81.936
68.445
55.089
43.341
34.339
27.395
22.681
19.097
16.220
15.155
14.871
15.683
17.152
17.678
17.594
17.329
16.496
15.333
14.890
14.588
13.990
13.742
13.851
14.266
14.142
13.942
14.931
16.458
17.985
19.512
21.040
22.278
22.556
24.941
29.862
36.830
48.129
60.833
73.157
87.231
105.019
125.265
145.028
160.955
171.458
178.664
184.841
192.961
194.036
194.319
194.713
195.616
196.110
196.381
196.085
195.417
194.943
194.375
194.250
194.728
194.762
193.986
194.001
194.762
194.706
194.132
193.121
192.099
192.440
196.350
202.599
208.902
218.097
231.443
247.663
265.770
284.746
304.014
323.287
342.080
359.313
373.928
384.702
434.100
436.299
440.486
445.123
446.345
444.270
446.337
450.238
451.859
452.930
453.159
454.078
455.078
455.586
455.177
455.040
455.650
455.947
457.736
462.469
468.616
474.791
480.977
487.613
495.823
505.789
517.331
530.475
545.024
559.905
573.280
583.390
590.424
595.537
597.244
596.346
595.659
595.994
596.903
596.596
594.948
595.881
599.279
599.794
597.978
597.585
598.083
598.656
598.673
598.226
597.981
598.151
598.447
598.186
597.092
596.555
598.497
600.000
600.000
600.000
600.000
600.000
600.000
600.000
600.000
598.739
595.392
588.790
583.079
580.673
579.490
578.707
577.830
575.958
573.409
567.998
557.332
541.970
523.357
503.240
482.726
463.059
445.597
432.216
424.696
422.324
421.444
421.022
421.070
420.901
420.947
420.949
419.723
417.343
404.666
403.915
404.038
404.679
404.700
403.993
403.618
403.569
404.285
402.034
396.886
391.964
384.663
374.258
360.954
344.887
326.912
307.399
286.506
264.976
243.912
225.043
166.587
167.342
163.694
163.069
163.995
163.892
163.025
161.829
161.062
160.667
158.543
152.180
142.317
129.935
115.330
98.698
81.294
64.083
47.362
32.780
20.942
12.142
6.294
2.719
1.066
0.431
0.367
0.000
0.000
0.000
0.000
0.000
0.000
0.467
0.753
0.077
0.190
0.683
0.000
0.000
0.000
0.144
0.234
0.576
1.356
2.852
4.327
5.811
7.246
8.809
10.394
11.978
13.563
16.175
23.219
34.125
46.877
62.637
80.785
100.626
120.687
139.214
154.802
166.111
173.806
178.233
179.394
179.066
179.128
179.327
179.927
181.389
182.811
182.364
182.596
184.061
183.890
182.855
181.246
179.684
178.892
178.754
178.697
178.797
179.424
180.404
182.315
184.828
186.451
187.246
187.526
187.366
187.739
190.000
190.000
190.000
190.000
192.751
192.446
193.068
196.608
201.677
208.377
218.198
231.253
246.816
263.738
280.077
294.057
305.315
319.010
335.876
352.153
367.860
381.865
431.450
432.610
437.123
437.834
437.687
441.006
442.909
443.354
444.040
443.972
443.580
443.407
443.465
443.958
446.015
450.332
455.927
463.582
475.113
488.981
505.168
523.502
542.054
559.814
574.793
585.662
592.655
597.099
599.901
599.694
597.908
598.480
600.000
600.000
600.000
600.000
600.000
600.000
598.391
595.673
594.312
592.679
590.189
591.364
596.190
597.947
595.036
592.109
594.549
598.511
599.176
600.000
600.000
598.671
597.380
597.442
597.952
597.008
594.939
596.548
600.000
600.000
600.000
599.951
600.000
600.000
600.000
600.000
600.000
599.597
598.473
597.515
596.676
596.493
593.691
589.329
585.164
580.831
576.463
569.126
557.225
541.214
522.768
504.578
487.950
472.282
457.204
444.007
433.713
426.106
421.695
420.748
422.584
425.002
426.850
427.372
424.627
421.311
420.372
420.699
420.915
420.018
417.788
417.380
418.351
416.824
414.799
415.022
416.392
417.718
418.381
419.269
420.206
420.551
419.982
419.121
418.944
418.818
418.700
418.920
419.480
419.574
419.345
418.987
420.313
423.385
424.322
423.444
421.000
417.253
415.940
415.870
415.671
415.672
415.536
415.397
415.584
416.373
416.847
416.958
416.980
416.723
416.690
418.046
418.372
417.949
418.381
418.279
418.140
418.537
421.413
424.482
425.744
426.617
426.819
426.773
426.704
426.784
426.912
426.715
426.891
427.333
427.466
427.662
427.755
427.630
427.319
426.986
426.772
394.123
393.167
391.901
391.397
391.781
393.096
428.887
431.795
433.128
434.221
435.621
436.552
436.619
436.800
438.061
439.556
440.819
441.998
439.713
436.243
435.469
438.067
441.735
440.669
438.682
438.783
438.564
439.659
441.315
441.057
440.633
441.159
441.569
441.434
441.432
441.656
441.752
441.874
441.859
441.844
441.901
442.039
442.120
441.741
441.169
440.701
440.467
440.071
439.504
440.034
442.560
445.121
444.164
441.603
440.720
439.537
437.694
435.464
430.743
426.553
424.465
422.618
421.321
419.875
417.966
416.649
416.350
416.150
415.685
404.645
404.526
404.509
404.421
404.438
404.423
404.371
404.357
404.239
404.153
404.238
404.249
404.237
404.288
404.266
416.986
419.211
420.141
420.569
420.895
420.365
419.962
419.559
419.156
418.753
418.294
402.794
402.145
401.680
401.774
402.421
419.592
420.275
419.126
416.498
414.775
414.531
414.792
415.742
416.663
416.698
415.732
415.379
415.225
414.266
413.182
406.815
406.394
405.876
405.623
405.634
405.842
406.174
406.356
406.551
406.007
405.055
404.445
403.950
403.491
403.607
404.403
404.830
404.985
404.771
403.910
404.284
405.811
405.917
404.868
403.650
401.303
399.926
400.213
399.219
397.756
396.923
396.001
396.067
396.571
397.208
397.940
398.263
398.376
398.094
397.946
398.298
398.523
398.648
398.932
398.834
398.831
399.039
399.266
399.141
398.921
398.910
398.909
398.963
399.030
399.023
399.248
399.452
399.336
399.604
399.933
399.700
399.285
399.198
399.254
399.211
397.420
394.026
391.514
389.550
389.053
390.557
389.758
385.803
379.938
373.405
369.984
368.541
366.182
364.071
363.334
361.547
359.841
358.291
354.519
350.128
345.996
341.175
335.020
329.631
326.414
323.221
318.988
313.688
307.289
300.942
294.522
288.673
284.274
279.449
274.691
271.060
267.714
262.861
257.424
253.391
249.300
244.689
240.268
235.505
229.080
222.207
216.358
211.453
170.513
171.880
170.828
167.824
166.287
166.562
167.032
167.502
167.972
168.442
168.912
169.382
169.853
170.323
170.793
171.263
171.733
172.203
172.673
173.143
173.613
174.083
174.553
175.023
175.594
203.008
204.686
205.870
206.074
205.848
203.908
201.211
198.502
195.893
194.377
185.683
184.598
182.516
181.429
182.273
183.723
184.785
184.625
184.020
183.448
183.028
183.394
183.619
183.751
183.940
184.019
184.042
183.892
181.036
177.262
175.031
175.481
176.746
177.457
178.518
178.121
174.144
168.318
215.404
220.757
225.096
228.437
231.774
235.129
237.788
238.707
238.526
238.682
238.903
239.513
241.910
245.873
249.866
253.149
254.695
255.312
256.631
258.150
258.995
259.416
260.500
261.780
262.469
262.011
261.137
261.224
261.344
262.967
269.028
277.177
285.633
292.432
296.681
300.533
303.649
304.869
304.642
303.542
301.502
302.236
305.118
307.017
307.869
307.766
307.739
307.717
307.212
307.946
310.804
313.885
316.046
317.520
318.004
320.292
326.910
333.464
338.781
344.585
351.770
360.707
368.277
371.849
372.465
372.926
374.875
379.208
384.554
389.138
393.107
396.161
398.347
399.768
400.668
420.075
419.531
402.021
402.505
402.931
403.149
403.482
403.713
403.949
404.251
404.247
404.301
404.427
404.406
404.590
404.950
404.964
404.547
403.951
403.334
402.699
399.627
394.926
391.142
389.815
390.843
390.747
387.269
380.309
370.711
358.560
344.511
329.082
312.241
294.539
277.175
261.005
245.251
229.839
216.418
169.491
168.169
164.866
161.299
158.050
157.128
157.295
156.850
155.886
155.849
155.174
153.670
153.489
150.363
142.158
132.728
123.298
113.867
104.437
95.010
84.262
71.840
59.051
46.072
33.683
23.962
17.161
11.662
7.923
6.688
6.199
5.726
6.539
6.988
5.707
4.877
4.825
5.290
5.371
5.114
5.154
4.789
4.467
4.070
2.804
1.705
2.009
2.349
2.344
1.761
0.853
1.544
3.046
1.886
0.000
0.725
1.163
0.120
0.012
0.054
0.000
0.178
0.300
0.213
0.944
1.777
1.106
0.764
1.359
1.186
0.922
0.777
1.196
1.504
3.178
6.532
8.430
10.183
12.682
14.882
16.209
16.674
17.149
18.106
18.512
18.580
19.610
21.167
22.786
22.717
21.113
19.323
17.679
17.237
17.167
16.887
17.119
16.948
15.095
11.812
8.625
7.468
9.187
8.728
5.343
3.516
2.739
2.545
3.330
4.521
4.429
3.612
3.122
2.965
3.116
3.419
3.750
3.846
3.848
3.735
3.540
3.847
3.992
3.493
3.377
4.008
5.812
6.701
6.298
6.665
6.754
7.342
8.193
8.908
9.669
9.664
9.373
11.015
15.982
19.234
21.055
24.589
27.385
28.061
26.830
24.986
23.936
22.973
21.292
19.971
18.944
18.464
21.302
26.783
30.499
33.632
37.887
43.976
50.754
57.689
65.789
72.158
78.286
86.065
94.202
104.917
118.881
133.624
148.796
163.167
173.539
202.948
203.355
203.878
203.315
202.095
201.706
201.398
201.169
201.240
201.406
201.571
201.737
201.889
201.925
202.394
203.386
203.395
202.207
200.576
199.143
198.129
197.483
197.260
197.026
197.011
197.131
197.277
198.071
198.451
197.951
197.764
197.846
197.877
197.964
198.013
197.771
197.709
197.730
197.347
196.871
196.779
196.883
196.232
195.764
196.458
197.988
199.450
200.381
200.741
199.822
198.643
197.788
197.430
197.509
197.128
196.397
195.960
196.410
196.775
197.257
197.669
197.623
197.497
196.722
195.288
193.903
192.994
192.096
191.565
192.989
198.912
204.298
205.510
206.242
207.786
208.879
206.681
204.652
204.426
204.179
204.093
202.386
199.806
197.530
195.780
194.376
193.434
193.313
193.664
194.755
196.096
196.334
196.542
196.691
196.535
196.168
195.045
194.026
186.203
185.937
186.785
188.170
188.844
188.621
188.244
188.433
188.401
188.381
188.508
188.623
188.832
189.120
189.044
187.790
186.092
185.634
187.638
190.524
193.618
196.565
198.226
202.190
207.960
212.571
214.930
217.585
221.408
224.460
227.427
231.656
235.789
238.953
245.530
256.301
268.632
279.984
288.751
298.344
311.340
325.860
340.456
354.923
368.471
380.488
389.172
432.993
437.689
442.425
443.633
441.179
442.153
447.290
450.881
454.970
460.065
463.227
466.265
468.848
469.506
469.247
468.174
466.998
466.861
467.522
466.786
465.022
466.721
469.985
469.202
468.566
471.654
474.871
475.471
477.938
483.779
487.650
489.666
491.525
493.347
495.170
496.992
497.919
498.086
498.393
498.746
499.121
499.259
499.028
499.955
502.115
504.491
507.404
508.616
511.773
520.942
530.428
537.380
544.576
553.170
562.236
569.366
573.513
577.450
582.470
587.419
591.215
593.770
595.363
596.405
596.901
596.892
596.440
597.071
598.175
598.564
598.903
598.814
598.496
598.976
599.877
598.963
598.490
599.443
599.505
598.801
599.524
600.000
600.000
600.000
600.000
599.346
597.797
595.967
595.221
593.326
589.699
586.624
583.341
579.254
573.493
564.536
551.594
535.346
517.544
499.872
483.858
469.419
456.981
448.109
441.221
434.951
430.326
427.823
427.642
427.381
425.408
423.793
422.886
420.768
419.677
420.030
420.399
420.658
420.802
421.578
421.079
418.521
416.019
416.314
416.965
416.881
416.919
416.093
415.775
415.768
414.920
414.482
414.954
415.265
415.238
415.716
416.557
416.468
415.965
415.400
414.929
414.355
413.371
412.862
412.962
413.016
413.013
413.094
413.205
414.641
417.620
419.256
419.514
419.596
419.468
419.453
419.466
419.479
419.464
419.449
419.448
419.447
419.446
419.443
419.441
419.378
417.637
414.555
413.320
413.784
414.435
414.803
414.852
415.199
415.209
414.031
413.122
412.738
411.962
411.727
412.301
412.691
412.802
412.912
412.822
412.997
413.610
413.861
413.607
413.171
413.547
414.220
414.904
416.236
417.137
417.918
418.503
418.998
420.243
419.920
418.769
418.835
418.790
418.654
418.838
419.144
420.241
421.155
421.188
421.320
421.189
422.026
423.920
426.363
427.918
395.019
397.205
397.051
426.732
429.914
431.221
430.961
431.115
432.060
432.813
433.251
433.468
432.622
430.606
429.728
429.801
429.721
429.547
429.402
430.705
432.371
432.323
431.921
431.580
431.214
431.230
431.176
431.108
431.114
431.148
431.307
431.581
431.741
431.839
430.888
426.983
422.204
418.915
416.964
416.286
416.724
416.537
415.561
414.708
414.072
414.530
414.822
414.466
405.505
402.481
401.225
399.796
396.808
393.208
388.811
386.625
386.011
383.729
379.890
376.190
372.668
369.266
366.832
362.654
354.856
344.468
333.435
323.527
317.480
313.587
306.642
293.367
275.458
257.110
238.923
222.150
167.526
168.116
164.728
160.792
156.556
154.151
155.079
157.349
156.399
154.055
153.769
154.689
155.291
155.376
156.519
157.239
156.423
153.623
150.274
148.442
146.277
142.857
136.402
124.978
113.644
105.457
96.478
86.652
77.365
67.201
55.669
44.650
35.051
25.869
17.387
12.238
9.853
7.456
4.644
2.759
1.800
1.050
0.710
0.747
1.890
2.927
3.473
2.913
1.247
1.542
2.065
1.620
1.704
2.391
3.758
5.440
5.861
4.271
3.600
4.065
3.813
3.401
3.268
5.675
8.956
10.769
14.933
20.550
26.167
32.381
38.832
42.515
42.489
42.107
41.463
41.499
42.097
41.864
41.732
42.825
43.740
44.100
44.090
44.024
44.587
44.845
44.506
44.329
44.340
44.215
44.197
43.773
44.394
46.218
47.559
50.454
56.918
65.509
72.290
75.894
78.530
82.754
91.274
103.363
116.050
128.526
140.117
149.925
160.059
170.441
177.655
182.489
194.254
194.267
193.526
192.659
185.772
183.681
183.713
184.736
184.181
183.325
181.874
180.507
180.719
180.667
181.115
182.267
181.912
181.595
181.913
182.058
182.796
184.803
187.431
192.368
194.377
197.266
200.417
203.023
205.127
207.185
208.521
209.029
209.612
210.403
211.495
213.112
215.321
218.778
225.879
235.115
244.159
253.802
265.936
281.296
297.091
311.440
325.237
339.411
353.585
367.318
378.546
385.814
433.955
436.562
439.915
442.542
444.537
446.042
446.807
447.793
450.301
452.590
453.094
453.233
453.575
454.580
457.016
458.295
458.770
462.624
468.586
473.898
477.298
480.026
483.538
485.321
485.338
487.389
493.423
504.057
518.176
533.288
548.440
562.724
574.327
582.375
587.511
591.690
595.082
596.699
597.641
597.990
596.658
595.907
596.734
597.097
597.049
597.056
597.079
596.964
596.835
596.928
597.210
598.234
599.792
600.000
600.000
600.000
600.000
600.000
600.000
600.000
600.000
600.000
600.000
600.000
600.000
600.000
599.643
599.008
598.673
598.848
599.506
598.621
597.267
597.259
597.835
597.389
595.564
592.335
589.682
588.513
585.562
582.726
582.733
582.858
580.939
578.625
577.456
576.938
576.583
576.899
578.332
579.771
580.358
580.488
580.467
579.975
579.074
577.254
575.530
574.912
574.919
574.823
574.113
572.993
572.121
572.230
572.551
571.901
571.446
571.806
572.267
572.628
573.766
575.259
576.159
576.963
577.860
579.374
579.232
577.821
577.816
576.526
574.455
573.660
573.078
571.864
569.669
565.985
557.175
542.513
525.654
509.935
498.052
490.293
483.318
473.474
461.862
451.182
441.727
433.597
427.588
424.650
423.518
420.632
402.645
402.799
417.616
403.310
416.907
417.109
418.076
419.720
419.235
416.904
415.880
415.074
404.563
404.594
404.946
404.970
404.473
403.507
402.275
401.494
402.191
419.723
421.121
420.464
419.680
418.365
416.682
415.682
415.002
414.637
414.436
414.601
415.576
416.448
416.372
416.120
416.161
416.187
416.017
416.312
416.589
416.619
416.624
415.513
413.651
406.992
406.071
405.661
405.013
404.236
404.888
405.579
405.429
415.163
415.616
415.737
414.849
413.443
407.411
412.658
407.684
407.786
407.776
405.610
401.753
399.774
398.111
394.888
391.811
389.615
387.538
385.528
383.578
381.509
380.977
380.190
378.200
376.850
373.894
370.714
370.226
370.127
369.282
368.580
368.606
368.720
368.749
368.911
369.011
369.110
369.210
369.358
369.722
370.267
370.507
370.466
370.435
370.378
370.320
370.263
370.206
370.148
369.985
369.485
369.287
369.696
370.150
370.536
370.882
371.021
371.164
371.189
370.949
370.982
372.030
373.379
373.257
372.814
373.246
373.711
373.982
374.898
377.117
378.855
379.660
380.987
382.483
383.724
385.490
388.599
391.592
393.598
395.068
396.409
397.993
421.253
419.879
419.296
418.426
417.843
418.354
418.793
418.532
417.928
417.520
417.541
417.690
417.826
417.848
417.886
417.769
417.300
417.031
417.804
418.961
418.176
416.216
415.007
406.007
405.977
414.274
414.026
414.455
415.843
416.203
415.197
414.799
415.299
415.724
415.814
415.923
416.017
416.055
416.078
416.186
416.364
416.484
416.561
416.740
416.876
416.872
416.867
416.919
416.985
416.967
416.991
417.057
417.095
417.118
417.016
416.701
416.415
416.343
416.172
415.975
415.920
416.714
417.653
417.250
416.688
416.609
416.491
416.382
416.424
416.365
416.230
416.308
416.434
416.503
416.542
416.608
416.645
416.683
416.791
417.027
417.206
417.257
417.323
417.404
417.470
417.465
417.489
417.528
417.539
417.634
417.729
417.767
417.846
417.843
417.801
417.829
417.910
418.019
418.183
418.319
418.343
418.338
418.319
418.314
418.324
418.387
418.464
418.446
418.315
418.254
417.880
417.164
417.189
417.185
416.972
416.890
416.289
415.649
415.300
415.145
415.296
415.843
416.277
416.455
416.620
416.713
416.736
416.733
416.757
416.623
416.436
416.460
416.495
416.377
416.176
416.358
416.621
416.420
416.147
416.129
416.070
415.996
416.120
415.989
415.941
416.268
416.636
417.534
418.592
419.397
419.363
418.285
417.689
417.468
417.528
417.871
417.999
418.196
418.303
418.005
417.748
417.614
417.567
417.604
417.517
417.403
417.691
418.152
418.044
417.644
417.449
417.457
417.532
417.287
416.824
417.308
419.062
419.424
417.744
416.602
416.338
416.574
416.967
417.249
417.344
417.295
417.180
417.081
417.023
416.922
416.874
416.868
416.946
417.038
417.316
417.610
417.692
417.698
417.726
417.719
417.602
417.653
417.805
417.802
417.486
417.256
417.284
417.292
417.355
417.435
417.599
417.723
417.808
417.957
418.041
418.072
418.168
418.145
418.224
418.253
417.933
417.521
417.351
417.405
417.665
418.213
418.957
419.284
418.952
418.622
418.274
418.005
418.417
418.790
418.874
419.213
419.395
419.365
419.236
419.259
419.328
419.186
419.057
419.055
419.051
419.231
419.568
419.608
419.408
419.319
419.188
419.043
418.995
419.039
418.753
417.213
416.266
416.776
417.264
418.269
422.110
427.728
429.741
427.976
425.567
396.397
396.277
397.015
397.738
397.581
397.734
398.044
397.854
397.233
397.053
397.761
398.445
397.999
396.701
396.849
398.872
402.020
410.000
410.000
410.000
410.000
410.000
410.000
410.000
410.000
410.000
410.000
390.964
0.000
0.000
0.000
0.000
0.000
0.000
0.000
0.000
0.000
0.000
0.000
0.000
0.000
0.000
0.000
0.000
0.000
0.000
0.000
0.000
0.000
0.000
0.000
0.000
0.000
0.000
0.000
0.000
0.000
0.000
0.000
0.000
0.000
0.000
0.000
0.000
0.000
0.000
0.000
0.000
0.000
0.000
0.000
0.000
0.000
0.000
0.000
0.000
0.000
0.000
0.000
0.000
0.000
0.000
0.000
0.000
0.000
0.000
0.000
0.000
0.000
0.000
0.000
0.000
0.000
0.000
0.000
0.000
0.000
0.000
0.000
0.000
0.000
0.000
0.000
0.000
0.000
0.000
0.000
0.000
0.000
0.000
0.000
0.000
0.000
0.000
0.000
0.000
0.000
0.000
0.000
0.000
0.000
0.000
0.000
0.000
0.000
0.000
0.000
0.000
0.000
0.000
0.000
0.000
0.000
0.000
