200:16.7765,14.6144,15.212,16.2054,15.9403
400:14.6329,13.9552,15.3938,14.2001
600:13.4949,13.2101,14.3983,13.2227
800:12.503,13.1595,12.981,13.4002
1000:13.5997,12.3878,12.5407,12.2725,12.9911
1200:11.8887,12.2136,12.4544,12.5022,12.5921,12.4337,12.6557,13.1416,12.9705,12.2116
1400:12.0313,12.8791,12.1146,12.149,12.5592,13.0662,12.9379,12.1245,12.4881,12.6985
1600:13.2802,12.1284,12.7867,12.9357,12.5173
1800:13.0235,12.5059,12.3652,12.7092,12.9156
2000:12.7909,12.653,13.1303,12.8906,13.0083
2200:13.4218,12.8123,12.8756,12.7864,13.4943
2400:12.8371,13.3196,12.6344,13.321,13.0732
2600:13.0505,13.6348,13.1699,13.6463,13.4633
2800:13.5902,13.7001,13.3351,13.522,13.6058
3000:14.0207,13.6498,13.5788,13.8054,13.4866
