   0.674568
   0.521417
   0.425483
   3.294412
   1.066115
   1.530082
   1.143201
   1.945144
   1.155545
   0.972586
   0.330750
   2.496783
   1.400071
   2.168179
   2.086807
   0.051392
   0.111906
   1.603604
   0.558958
   0.356435
   0.466579
   1.894677
   1.678244
   1.635517
   0.449770
   0.650224
   2.556555
   1.666587
   0.670577
   1.328444
   1.513087
   0.754748
   2.465223
   1.959842
   2.734541
   1.070408
   1.670505
   2.862871
   1.544082
   1.230749
   0.790161
   2.673681
   2.284350
   1.915279
   0.545362
   0.200330
   0.574169
   2.536568
   1.489478
   0.626220
   0.777348
   1.608784
   0.476910
   1.817714
   2.141267
   0.065302
   0.816744
   2.083438
   1.305603
   0.227295
   0.560006
   0.997083
   1.688781
