37 54 45 38 18 2 57 17 0 62 31 33 32 42 40 36 19 56 49 51
9 29 10 5 41 62 28 32 48 50 27 11 15 18 46 34 54 47 37 39
44 60 53 17 50 61 22 36 25 46 51 5 27 28 2 7 23 39 20 18
5 50 35 0 13 21 14 3 17 9 36 54 56 7 28 52 26 6 34 29
41 54 2 38 18 36 13 57 15 51 12 4 28 3 24 23 0 16 53 59
46 55 51 13 30 6 56 62 16 58 12 53 38 18 50 39 1 36 43 37
55 35 20 45 5 22 61 17 42 18 2 44 34 41 16 40 7 59 8 10
33 2 51 45 31 21 19 43 62 23 38 18 47 59 34 6 46 35 14 60
21 41 52 58 55 11 45 28 1 57 30 16 7 35 5 51 20 46 22 33
47 9 18 26 50 56 59 46 17 55 31 42 60 5 20 28 16 37 57 3
