47 13 30 53 21 10 17 4 43 52 29 5 15 46 32 41 26 19 8 0 57 45 38 60 23
30 43 34 56 22 35 19 20 23 45 0 52 40 10 6 14 7 18 15 60 41 27 33 4 12
5 59 42 43 38 47 7 26 57 13 28 54 55 37 46 50 49 3 10 18 19 15 44 32 58
9 13 46 47 10 31 22 60 52 50 38 6 5 39 44 48 30 1 56 4 59 23 58 43 33
2 30 46 3 57 58 7 54 39 24 0 59 37 60 1 23 13 15 26 49 25 19 11 45 33
16 13 43 34 19 52 10 12 1 62 32 7 17 20 59 5 37 49 42 26 14 15 46 57 44
49 9 3 50 0 5 59 10 27 8 46 7 2 14 21 6 37 48 36 24 1 51 55 25 56
58 0 9 51 3 35 29 4 11 62 46 32 42 54 26 55 18 28 53 61 38 49 27 30 31
27 39 48 34 32 57 28 19 56 40 20 45 25 21 31 33 51 0 16 23 52 12 36 2 62
56 59 15 41 9 26 46 5 30 53 8 10 39 22 24 32 55 62 38 0 48 58 17 21 40
