42 19 9 58 27 41 61 57 36 6 34 60 8 18 7 2 4 10 5 43 15 16 17 30 20 13 46 28 26 39
19 59 52 17 53 20 24 57 33 44 54 56 29 46 43 61 38 37 51 10 39 48 0 49 41 15 32 50 14 28
9 37 31 18 12 23 52 33 0 30 58 16 4 8 34 55 45 25 38 47 41 21 50 15 6 57 44 24 1 35
20 18 31 59 15 48 61 37 32 1 21 33 46 16 28 36 45 26 40 10 12 25 7 53 8 34 60 44 52 23
46 31 34 42 4 51 50 28 43 30 12 22 37 16 20 9 3 7 44 6 49 11 26 24 58 8 25 60 1 57
10 22 62 50 26 56 18 17 9 36 24 28 23 16 48 14 44 47 31 41 39 33 52 61 40 45 37 15 20 4
14 1 61 37 45 41 30 53 44 28 25 18 54 62 23 27 7 12 24 51 8 57 49 35 15 13 3 56 5 11
1 20 51 42 44 33 7 46 12 18 24 8 40 37 38 13 22 36 48 11 14 9 3 47 50 60 25 6 45 23
12 54 18 26 53 58 41 59 55 36 50 48 8 7 19 14 10 25 47 5 4 49 27 34 6 60 9 1 21 23
40 8 6 41 16 60 56 17 18 54 49 19 7 51 57 5 12 46 30 21 42 3 25 36 0 43 31 48 47 35
