31 48 35 8 54 15 33 17 26 1 38 37 36 28 30 59 34 2 21 27 32 44 22 23 16 39 20 0 24 46 41 19 55 10 11
61 33 8 27 28 29 55 43 52 9 32 6 22 3 42 53 39 62 51 17 57 2 38 31 60 56 1 25 21 44 54 18 47 12 13
43 25 39 30 32 26 60 58 24 7 5 42 11 61 0 55 31 49 2 29 21 13 28 46 47 54 1 19 17 38 36 59 18 15 33
31 8 44 50 43 56 18 29 38 34 61 19 42 0 59 35 39 53 30 52 6 17 23 48 60 1 25 4 20 10 22 45 11 51 54
3 50 54 34 20 18 58 4 56 37 29 10 14 55 8 16 25 1 43 11 19 60 27 62 51 9 24 15 22 12 49 6 46 17 28
62 20 56 26 18 1 52 58 25 57 34 42 11 32 55 9 50 27 36 45 13 7 19 37 31 21 35 23 15 17 8 16 41 43 22
23 13 60 51 61 15 36 48 46 16 57 44 40 1 32 20 47 22 38 18 34 55 41 12 29 7 58 4 33 25 28 52 45 43 24
37 41 45 0 29 25 44 56 12 49 55 5 54 18 40 47 11 4 30 46 43 21 48 53 23 51 61 15 8 7 28 39 3 52 9
16 28 47 3 13 43 33 17 29 52 7 10 6 30 1 57 12 19 36 39 25 56 51 54 60 9 48 38 59 44 34 40 5 20 58
52 36 53 19 62 45 41 4 12 34 58 47 51 0 10 61 13 56 57 8 15 2 16 9 5 44 11 54 32 28 46 1 49 38 35
