53.7389 49.2436
51.9282 44.861
43.1931 37.6116
36.1755 33.1194
35.2839 32.0156
35.5066 32.8968
40.1494 32.1736
50.4032 29.3912
58.4812 28.5042
58.7588 24.6799
57.8062 18.2691
59.3361 15.8557
60.1333 11.8364
61.8257 7.50791
62.7191 7.9222
63.3479 9.63442
69.2852 14.938
77.4845 22.8665
82.5489 31.2381
86.3236 39.3819
89.5197 43.7292
88.8173 46.0644
83.9712 48.2401
80.5244 53.6623
76.8999 61.2117
70.0255 66.3803
61.6698 69.0605
52.4099 68.0657
45.7159 64.95
45.0331 62.5103
46.5267 61.9962
46.6675 62.4942
46.1347 63.2057
46.1642 60.6556
51.3179 57.7667
55.4471 57.5561
55.1165 56.7234
55.936 56.252
56.587 57.0057
53.9015 57.5796
50.1588 60.3576
50.2517 63.157
54.2842 59.2123
59.3983 49.757
67.1191 41.8422
73.7338 40.5727
74.6391 40.2768
74.0882 38.4349
74.651 39.0623
76.9242 44.4309
81.3955 54.6859
87.7032 63.357
95.3432 67.5869
101.731 70.2948
103.945 72.0569
100.912 66.6021
92.9379 55.782
89.2138 48.0417
89.9983 45.8128
86.0769 49.7021
76.9982 52.559
66.5551 50.5202
64.1458 43.946
70.1206 37.2362
73.4894 35.7432
71.0611 33.6202
69.4231 29.8503
67.0265 25.8282
61.506 24.8907
57.7955 32.0157
54.6632 36.2235
53.4927 35.1278
55.0267 36.605
55.8935 42.8503
54.2599 53.2563
54.167 64.1027
53.3732 73.1626
49.88 78.1603
47.0042 79.3069
45.6721 79.5948
49.6934 80.1321
56.2327 80.3314
60.8308 81.7994
63.5443 83.981
64.6496 87.7233
65.0491 92.4638
65.0479 94.0295
61.4024 93.4212
53.9822 91.2456
50.0091 88.2433
46.4093 84.8703
39.0482 79.1762
34.907 70.0235
32.8039 57.5739
29.9787 47.7827
29.6398 45.9041
27.8344 50.6487
23.0328 55.5928
17.2155 52.7888
12.4178 49.0518
10.6931 49.7133
10.2091 49.8636
13.5049 53.5739
22.7041 61.6556
30.6647 69.6537
31.2033 76.0475
27.6364 84.2962
24.294 93.5516
28.8137 94.7761
34.4399 92.745
32.7214 89.9372
35.7511 85.8676
44.8035 82.8154
51.1984 77.8916
56.9199 74.7567
63.0505 76.8288
62.6795 78.0109
56.6622 74.4321
57.5578 65.8504
62.0055 56.6711
57.4363 52.5958
48.3607 45.8231
45.1204 35.2628
46.1406 28.3033
46.2392 26.2161
46.8045 27.7538
49.8177 29.5348
55.5113 26.5889
63.2704 19.7579
73.0085 19.9046
81.3318 23.5529
86.1556 25.0894
89.9318 27.7979
93.3363 29.3581
95.3401 29.336
98.0027 28.519
102.11 28.6402
103.987 30.1484
101.99 32.5225
99.2101 39.2908
100.693 48.4609
102.512 52.6477
101.39 54.0072
100.512 58.8405
99.7317 67.6746
99.58 77.3053
100.135 85.9781
100.002 91.4353
97.2799 90.9073
90.8235 90.9143
85.7166 96.6144
83.6529 101.201
82.7179 98.894
82.9543 94.3392
84.0631 91.0312
85.3436 83.9814
85.4851 73.8824
85.1067 63.8095
83.9621 55.4203
82.5766 51.1276
81.2472 50.9399
80.3542 53.9658
79.9246 56.3935
79.3829 58.0951
77.9273 63.7077
74.9931 69.7274
68.3593 73.1114
59.9291 70.9309
51.3525 63.7762
41.5366 62.728
33.9313 67.453
29.1322 70.8333
27.2488 74.0129
23.4281 80.1881
16.9428 84.4692
14.3299 85.8323
14.5595 89.1725
14.6262 95.0124
12.6272 99.1487
10.2124 99.4889
10.9079 100.325
12.7669 100.55
11.3956 92.9924
13.027 80.4759
18.4054 73.0897
23.687 68.4157
31.0467 60.78
37.3986 50.532
45.3527 43.3801
56.8548 42.7025
64.0754 42.3922
64.5332 39.7519
63.7865 38.5123
63.4749 38.7496
64.3447 41.5635
66.1129 48.3468
65.9564 53.3622
64.1153 53.6965
62.3015 54.9851
66.7476 56.8417
78.6075 57.3979
87.6028 59.5583
88.563 60.2251
86.011 56.7502
85.4884 53.4785
82.4809 52.2257
74.3395 51.2869
66.4702 49.248
60.9102 42.8208
58.4747 36.5234
58.5277 35.7235
56.7016 36.0981
48.1992 38.7412
38.4435 41.9847
31.9871 41.3553
28.7294 40.5025
28.1317 38.5535
28.073 32.9243
23.3258 23.431
18.0758 13.7533
19.0106 9.52921
20.1134 9.0787
20.5412 9.38067
26.2393 14.0131
35.1642 21.7997
40.3856 25.9758
41.2839 26.6175
40.4404 29.3464
38.7293 33.2267
35.6277 34.4842
32.668 38.9439
32.4527 48.1226
34.3135 56.1475
33.9289 58.577
34.0582 57.7346
35.7453 57.1751
34.7877 56.1204
31.4171 53.7119
31.6179 52.0883
38.0461 52.5984
45.1811 53.1898
47.9383 54.2048
48.3269 55.0438
48.8951 55.4599
48.8131 55.5459
48.1645 54.7152
48.8988 53.3161
50.1643 54.5906
49.0708 55.1455
49.335 54.7887
50.6243 58.4747
50.0514 61.9434
49.7681 62.1629
50.5492 61.0564
51.8477 59.6619
52.0453 59.5481
52.1826 60.2164
52.6397 59.6248
52.355 59.8804
51.6122 60.3989
51.8022 59.4593
52.3035 59.1946
49.6152 56.6755
47.5995 54.2329
48.8864 54.6615
50.3441 55.6993
51.2487 55.9306
52.0275 54.5912
52.0571 55.649
51.8457 56.932
51.9948 56.7862
51.9444 57.7258
52.8534 58.1942
53.9882 58.4308
53.5556 60.0011
53.3 61.0523
53.3436 61.3021
52.6631 62.559
52.544 63.1396
54.5855 59.7505
56.6692 55.9243
56.2821 57.056
55.7143 58.6759
55.9438 58.9176
55.2369 60.1624
53.6672 60.4228
52.0612 55.5693
51.8619 47.1451
55.4186 46.1762
58.6991 49.4598
58.763 48.0362
58.3504 45.9226
58.6915 45.7923
58.7239 45.0294
57.219 44.15
57.4262 43.904
57.2963 43.4493
55.2888 42.5366
54.2947 41.0689
52.8408 40.2263
52.0655 39.9377
50.6964 39.8109
47.9936 39.3837
47.1351 39.1798
47.3354 39.7198
47.7018 39.9834
48.3514 39.8675
50.3852 40.5953
53.6086 42.9848
56.1774 46.6967
57.2748 49.268
57.6685 50.514
57.9588 51.9786
57.3517 51.7731
55.7157 51.3332
54.0898 51.9408
54.3543 52.1154
54.4675 51.342
53.6871 50.8173
54.4235 51.3519
54.5558 53.8293
53.0727 54.1625
53.2895 51.1924
54.2485 51.2699
55.2071 53.5508
55.5308 54.5814
53.8782 53.7704
52.9631 52.592
52.7531 52.6125
52.6576 53.0154
53.3981 53.8773
54.643 55.3202
55.3664 56.0954
55.4621 56.2831
55.2201 56.0594
54.8792 56.2783
55.0155 57.0476
54.8337 58.6702
54.4532 60.2737
54.9453 59.8385
54.6813 60.6658
48.4256 64.6748
40.9979 66.5355
39.6239 66.8534
40.6299 68.4243
40.6027 68.3487
39.7382 67.2332
39.7256 66.9435
40.213 66.9964
41.4184 67.5359
42.7071 68.0523
41.5833 67.5586
38.4364 65.764
35.9097 63.5825
34.5563 61.8446
33.1943 59.7055
32.1557 58.0989
31.8439 58.7119
33.086 60.4847
37.122 63.615
41.7572 66.3776
45.4699 66.6471
47.9128 66.0463
51.8269 63.4658
55.134 60.9521
55.3737 60.2802
55.8448 59.4379
56.286 57.8383
57.0116 55.61
57.9586 55.227
59.6517 55.6619
60.3671 53.5509
58.3626 50.8122
53.5468 51.273
48.5262 53.6728
46.1943 54.742
45.2034 54.6945
46.6335 52.6885
50.8531 46.8356
55.3112 40.7627
57.6388 38.512
57.6894 38.4826
57.5932 38.7828
57.8092 38.9472
57.6965 39.166
58.0938 39.4833
63.3848 38.6947
72.0133 42.7612
76.6821 50.201
79.2102 56.4425
83.1996 63.3539
86.2525 70.5572
86.3585 79.3412
84.4207 83.9566
78.7555 85.0863
70.5943 88.0478
62.9896 90.0187
54.9632 91.0978
47.7693 91.2685
42.7272 89.3901
41.8317 86.0379
41.5524 83.8658
40.3985 83.2913
40.6593 82.7372
40.6517 82.633
40.3842 80.3701
42.5151 72.2098
45.3442 61.843
46.7691 58.5293
48.1837 58.9182
49.0611 57.629
50.4597 52.9514
49.9327 44.5007
48.2777 37.8573
48.1912 35.5983
48.4852 35.6909
48.8225 35.7964
48.8676 35.809
47.4086 34.2969
44.1609 35.8954
43.1732 40.8745
43.6542 43.2803
38.9894 46.003
32.4227 51.3172
27.1284 56.6369
23.1308 59.1395
22.9057 58.8306
24.3579 52.8367
30.2094 41.9448
35.7359 35.3509
36.1993 30.5577
35.1992 25.5579
34.6316 24.335
41.1896 27.0039
50.8351 30.4948
56.3737 32.4614
57.3815 38.604
57.0278 45.8076
56.3843 48.8365
54.9485 50.0782
55.8639 49.6208
57.4486 46.8706
60.5964 42.4241
67.3032 43.1072
73.0316 49.6495
76.4871 55.0383
77.7172 60.3827
72.1114 66.5258
61.936 72.9469
57.7486 79.9278
59.3851 87.3177
57.0456 96.4577
52.3616 102.889
50.8259 104.243
49.7364 104.175
44.9812 99.9114
44.0987 91.092
49.5607 84.917
50.2474 83.8656
43.7393 86.8588
36.1722 92.9261
29.2863 95.982
24.3159 95.4983
22.3614 95.4881
21.5696 94.0151
21.5937 92.7981
17.3715 94.9256
12.9904 98.3182
13.0457 101.316
13.2165 99.1921
15.4957 89.1348
20.0883 76.6768
24.3773 66.5589
28.275 57.8473
35.2748 48.9814
42.5389 40.3928
45.7139 30.989
45.4937 20.6195
40.1549 13.6414
33.1189 11.0743
28.8742 11.4297
27.5405 11.0073
28.4664 9.73757
36.2683 9.89381
48.6719 15.6883
56.3669 26.1875
58.5152 34.5586
58.9837 41.2462
58.8528 46.125
59.086 46.0858
60.073 43.7158
60.0273 43.9042
59.4188 45.6443
60.9118 45.4553
65.6346 41.6242
73.9509 39.7503
86.1032 40.7037
96.5343 39.0449
100.519 33.4385
97.5872 26.6669
93.8868 20.4136
94.0758 16.4228
94.2351 14.7147
93.8588 14.2934
96.7525 13.0339
101.734 11.7511
104.092 11.3439
103.708 8.28179
102.802 5.97117
102.316 5.40154
102.483 4.74462
102.427 4.78367
102.121 5.82654
103.212 13.5384
103.295 25.1082
101.88 32.3757
102.59 36.877
103.864 38.6388
104.609 39.558
105.064 41.4025
104.68 42.4165
104.003 43.8696
103.315 50.9111
103.445 59.2228
103.878 61.2366
103.355 60.7392
102.683 60.3262
101.806 61.7954
101.442 68.548
99.578 76.6442
94.8817 81.3697
90.8506 83.8882
88.7245 84.3703
87.8733 87.1029
87.0184 94.2154
85.7727 100.72
84.375 103.818
82.8447 103.64
81.0423 102.611
77.5382 102.607
73.3082 102.285
71.9381 101.268
72.4667 100.954
71.3091 101.422
66.6299 102.195
63.4262 100.546
60.951 96.1307
52.6178 95.463
44.7841 95.593
40.7881 94.4612
37.9921 95.6309
36.7374 96.1405
36.564 95.669
37.2173 95.327
38.3667 93.1433
39.2373 88.4201
40.5825 83.115
41.6701 80.3447
41.3576 80.3369
40.8249 80.5653
40.6594 80.5889
41.1468 80.0789
41.2235 76.7218
39.7491 68.1237
38.9222 58.6106
39.8124 53.7275
39.5104 53.163
39.3515 53.1096
39.946 52.7026
38.6564 53.6639
38.9364 51.4822
39.6106 42.5832
37.8466 30.7212
33.3685 22.754
27.4582 18.1151
23.6654 14.0484
22.2174 13.841
23.7923 21.641
28.6979 31.4241
35.1856 35.93
40.6411 37.1767
45.6814 37.3651
50.8868 39.5018
57.08 45.4374
62.0992 51.1872
61.9037 58.0468
60.3253 68.4409
60.0735 76.5356
59.6905 84.5033
59.7414 95.4207
60.8322 102.681
62.0333 103.415
64.9078 103.131
68.574 103.48
71.7822 103.193
76.4919 102.346
80.1325 101.721
82.8619 100.426
88.8958 99.4631
95.9566 100.328
100.788 101.799
103.456 102.414
104.887 101.358
105.804 101.227
106.008 101.245
105.746 100.952
105.203 101.48
104.999 101.195
105.344 100.407
105.799 99.9143
105.647 98.5736
104.84 96.9241
104.019 96.3686
102.96 96.5841
102.355 94.366
102.966 89.704
103.852 86.2639
104.42 83.7585
105.182 82.9528
105.72 82.0604
105.724 79.4328
105.419 77.3815
104.744 75.9588
104.41 75.0846
104.084 74.4463
103.097 75.0738
102.97 75.2082
103.619 70.9296
103.877 68.4129
102.735 70.6748
100.708 73.2207
97.6863 76.0464
92.8828 79.1028
87.1362 80.128
81.4927 80.0698
77.946 79.2496
76.945 77.7699
76.6526 76.8587
75.56 74.0069
75.1097 69.2232
75.921 65.3569
75.9205 60.6282
73.7782 50.8892
70.2215 41.8801
66.4693 34.4824
64.1465 28.2255
64.9037 26.4674
66.1828 22.701
64.3446 14.4714
62.8828 8.49217
62.9466 7.35906
62.4845 7.35976
62.3659 6.90976
63.925 6.80975
71.9359 7.80776
81.2962 8.43189
83.0676 7.68523
74.6822 8.2588
62.7914 14.1466
57.1744 21.7889
55.9758 26.8932
56.1309 31.3062
56.6048 34.8729
57.7693 40.8437
57.8286 47.9955
54.8368 49.8819
47.1216 51.8441
36.058 56.5191
24.1896 57.8108
15.2299 55.1876
11.9284 51.7312
12.5818 46.9136
14.5824 42.4833
15.0183 41.6012
15.1583 40.6498
16.1934 36.2444
17.671 30.0308
19.1418 25.7921
18.6577 24.4883
18.7689 23.9355
20.0655 24.4514
17.3937 26.8807
12.0133 31.854
8.67239 35.5117
7.93869 35.6165
7.50008 34.9915
7.37041 34.0527
7.5136 34.3427
7.8865 35.2411
8.63909 32.6867
9.25619 28.1922
9.1352 26.8386
7.7938 26.9748
7.22566 23.8744
8.30277 19.7638
8.03583 22.6898
7.14262 32.6963
7.33808 40.4376
7.59456 42.6022
7.71231 42.1787
8.46349 42.3618
9.66644 45.5897
10.756 49.0222
9.83901 52.1857
9.17832 57.0525
9.8167 60.0271
10.359 61.3115
11.113 64.9359
11.0549 67.5478
10.7244 68.7142
11.7658 70.2876
12.8971 71.6623
13.476 72.3125
14.7371 71.8448
15.6672 71.5057
16.0787 71.2744
16.3536 71.1114
16.4787 70.9942
16.279 70.5787
15.6782 69.3323
14.7026 67.3036
13.7363 65.2176
12.5488 64.1936
12.0846 64.2192
12.5966 63.2989
12.4335 63.1659
12.3342 63.89
12.8069 63.4599
12.6135 63.5631
13.2385 63.802
15.0774 65.2353
15.4889 69.7288
14.2259 72.8494
14.4888 71.0808
15.4498 68.1474
15.5886 66.289
16.0769 65.394
16.1643 66.5894
16.4664 66.9766
17.2479 66.8836
17.2487 67.7174
17.0389 68.3135
16.6271 69.887
16.181 69.6172
15.82 66.3612
15.356 64.3174
15.9712 66.6117
15.9799 70.365
15.5494 71.5301
16.2745 71.2773
16.2423 70.896
16.2426 70.0129
16.0816 70.6037
15.0858 72.6873
15.034 73.5545
15.321 73.3359
15.5265 72.6433
15.8135 71.0796
16.3243 69.7705
15.7051 71.501
14.3485 74.2649
13.6792 75.358
12.9881 75.8689
11.856 75.5961
11.395 75.3167
10.8076 75.6643
9.78657 76.9152
11.4904 77.7433
14.702 75.611
17.094 71.0825
17.2718 66.1445
15.4542 63.1489
18.4064 62.7192
29.1486 65.1287
39.3871 69.8896
44.2582 71.6818
46.3846 70.1697
47.0553 69.5821
46.8125 69.0082
46.4697 68.6576
43.5279 69.3049
38.835 70.4865
37.7539 68.2284
40.0601 60.9186
40.9046 53.4315
36.8859 50.6943
34.1746 50.6208
32.4568 45.3496
27.9289 39.6383
25.0541 38.0472
23.7385 36.9953
24.7264 35.8341
26.6722 34.6871
32.6032 33.0158
42.4494 29.6933
48.2794 26.0649
50.9107 23.2571
51.6615 21.9224
50.4824 22.6507
53.151 27.476
58.0303 36.7251
60.1094 40.8612
61.2151 37.056
63.6412 32.9429
70.6849 31.7904
81.0178 33.402
87.609 36.9835
91.4617 41.5087
98.1265 45.228
104.209 48.277
105.711 52.0924
104.491 57.6096
103.84 62.5521
101.559 64.6682
98.8251 69.9405
97.901 75.352
93.6284 76.1187
88.1932 77.804
85.705 80.5201
83.7074 83.8592
84.1958 90.3684
85.7561 97.696
85.9856 102.369
85.6792 104.096
85.6767 104.144
87.5169 104.231
87.4244 103.602
86.7737 102.604
87.1138 102.198
86.6576 100.127
88.4661 98.2258
88.1611 99.9698
79.4995 101.052
70.8884 100.048
65.5323 99.1231
59.6217 99.2605
54.583 100.462
51.6747 101.368
51.0174 102.191
47.0723 102.605
39.5543 102.99
35.6222 103.858
36.0819 104.468
37.9704 104.799
38.942 104.046
38.4481 103.508
36.7237 103.207
35.5821 101.213
35.2319 99.7064
33.4314 100.178
29.6267 101.662
26.3516 102.063
25.8338 100.97
23.6891 100.446
19.9919 101.398
17.5349 101.549
15.6092 101.259
14.0228 101.291
11.8334 100.929
10.7462 100.508
11.8472 97.3734
13.0366 91.7223
12.9089 85.6365
8.84582 80.8788
6.31374 77.8408
7.56243 75.447
8.3159 74.1036
10.197 74.8228
12.4362 76.4314
14.5077 74.6813
16.1984 71.8995
16.5281 71.0682
16.9073 70.5566
17.6242 70.4676
17.453 70.8054
15.5585 71.0693
14.3646 71.1068
15.9066 70.6616
16.839 69.774
19.8295 69.689
24.2 70.4848
24.4207 71.5504
23.1235 71.7779
22.2954 69.8967
21.9346 68.1355
21.9962 67.961
21.994 68.3687
22.2308 68.5568
27.2411 68.1979
34.7012 71.4591
37.108 76.1576
35.4889 79.7853
35.848 82.0035
37.6127 80.8568
36.7785 81.408
40.2271 85.0671
48.1332 89.4915
54.2471 93.5927
58.145 95.0151
59.5931 96.3302
59.4941 100.415
58.827 103.099
60.5966 103.419
63.9527 103.206
65.5078 103.044
69.1916 102.155
72.6259 100.914
72.8227 100.574
71.8186 99.8001
68.302 95.8694
66.2401 92.0555
65.612 92.1722
65.0493 90.9033
65.9731 83.2806
69.6661 72.5124
72.322 65.523
71.9563 63.8641
69.1441 58.9293
62.5143 49.2492
56.8985 41.5466
54.3191 37.4003
52.8647 35.983
53.1331 34.5618
56.0921 31.4486
58.2456 25.5352
58.1182 21.703
57.1805 22.095
57.4259 19.6314
57.489 13.1382
57.7228 8.00305
58.4034 6.60668
57.7001 6.59976
57.2318 6.59269
56.2087 6.82675
51.9318 7.06159
47.5895 6.98738
44.115 8.18204
40.0545 9.31314
38.4354 10.3439
36.7851 12.9553
28.787 14.7103
18.5861 12.9955
12.9719 10.4665
9.70062 8.68248
7.79744 7.81646
8.52949 11.442
12.7637 17.2174
15.558 23.5608
12.9302 30.8312
9.16195 35.141
8.8535 36.2225
12.442 35.4586
12.8285 35.6519
14.0096 39.4479
19.4433 49.9694
19.3506 63.391
15.3508 73.8768
11.6943 80.6868
9.45804 83.2246
9.265 83.7493
9.22969 82.9027
9.00273 81.5755
8.71709 80.6716
8.63592 80.7407
10.5021 84.33
13.4014 89.9363
16.0003 92.4698
17.9698 93.0197
20.1579 92.4882
24.4591 89.4546
27.6879 87.817
28.4037 88.2541
28.2171 87.6278
28.1462 86.9272
28.5673 86.689
28.7836 86.6468
29.0656 86.3684
29.6976 86.6994
28.2673 88.5144
25.9378 89.9658
24.0202 88.7645
21.0741 85.1051
18.7076 83.7897
18.3135 84.6802
18.0079 83.889
17.6007 83.1602
16.849 82.2998
14.9205 81.2059
15.0611 83.5145
17.2635 84.1675
20.4854 75.9936
25.5771 65.4592
30.7344 57.0094
32.9914 50.3694
35.5218 47.2671
40.3649 43.9435
44.8248 39.1714
46.4161 34.2421
49.6963 28.0622
55.865 27.0635
61.6023 31.5846
68.535 37.1664
73.7787 40.5568
75.2699 41.5803
74.1049 42.3709
72.5061 42.0849
72.7358 45.2576
73.4502 52.8476
75.9481 63.4956
79.7897 71.9362
80.0493 73.9553
79.6082 72.2194
84.1656 71.2826
94.9034 72.8214
103.021 70.7763
103.615 67.2457
103.167 67.035
104.446 68.1744
105.77 70.4823
105.732 75.7432
102.576 83.2537
99.8067 89.3223
100.899 92.039
102.039 92.745
101.569 94.262
101.479 95.1943
101.907 95.6157
100.518 94.9897
96.1159 92.9974
92.9901 94.9526
92.4787 95.5159
92.1466 91.6579
91.9225 89.0011
91.356 87.0111
91.2059 84.6429
90.775 81.3036
87.6269 76.0545
83.0323 72.3501
80.296 70.9995
79.5502 70.0039
79.1103 71.8467
78.9854 76.1846
79.2883 78.4411
79.5543 80.3244
82.9576 86.5887
88.7736 93.698
90.6573 99.6722
88.3694 102.59
82.8223 98.4979
77.6518 92.4556
76.889 88.6973
73.8518 86.8474
66.816 83.8548
59.5567 80.3876
51.7597 80.4213
46.6994 82.7376
46.9199 81.1523
49.0068 72.5471
49.7711 61.8034
49.1154 53.3647
49.0848 47.805
48.8374 46.2353
50.443 46.0333
55.3708 40.381
59.3255 30.0061
61.4626 17.7706
62.5198 8.97246
62.8044 6.641
63.2901 6.48177
62.5399 6.39921
59.4685 6.69053
54.2308 9.27918
47.9096 10.5758
43.4391 8.74105
40.8253 10.4192
39.0299 16.1502
39.0256 22.3406
42.6017 29.9059
45.4295 37.1547
45.2374 40.9567
42.0369 42.8287
34.1987 43.0348
24.8055 43.634
14.7493 43.4735
10.1543 39.1201
13.4853 36.4933
16.1645 35.5611
18.5677 28.9811
22.7971 23.6729
29.1862 24.2219
34.7983 21.4102
36.2303 16.6097
36.2152 15.3248
39.3103 17.6212
46.6959 17.4115
54.5118 12.5787
58.558 8.21179
58.7531 6.16805
59.3232 7.30497
62.9462 14.2523
65.647 25.6184
63.2954 35.0811
61.0826 43.647
61.6195 52.6896
62.2752 57.4387
63.5289 56.4891
66.7946 51.5894
71.6385 48.84
77.8122 49.6845
77.7916 47.5225
72.9248 46.2459
72.2055 47.0424
74.5911 42.2897
76.3017 30.5136
74.7571 21.528
69.8546 18.7713
65.5346 16.9509
64.3635 13.2346
63.0527 12.6282
61.1245 18.9099
60.1897 26.0434
59.6169 32.7651
61.1713 40.4402
64.4935 45.1729
67.348 46.9011
69.353 48.3623
70.1287 52.5811
71.1526 64.1693
73.296 77.3998
74.2428 84.461
73.3039 86.5686
71.0782 86.3635
66.7666 86.9859
61.9441 93.0737
58.2766 100.62
57.007 103.508
54.5967 101.521
47.6751 100.356
43.0823 102.494
40.8019 101.953
34.5642 98.9201
28.0062 96.9964
22.3205 93.7265
16.0504 92.0326
12.3062 94.0594
14.6642 91.3697
20.2902 83.0087
23.6101 74.1225
29.8554 65.991
37.879 57.1817
41.3962 48.5339
43.6025 44.4829
45.0367 43.7108
46.006 43.4468
45.7435 43.584
44.7602 43.522
45.2424 43.4181
44.9985 43.3945
44.3038 43.396
44.0033 43.2845
43.8556 43.1204
43.8043 43.0587
45.0585 43.1819
47.2692 42.0783
48.2975 40.6588
49.5127 40.8532
50.7968 40.1685
51.4242 39.0747
51.3377 39.1988
51.0133 39.2454
50.5537 39.2373
50.2656 39.0862
50.3677 38.777
50.4541 36.4265
51.0676 29.9593
47.3238 25.1426
40.7194 24.8917
39.7099 24.4364
49.2494 24.2722
62.4893 26.1494
68.5152 24.9177
69.8627 24.9042
74.706 33.9903
80.9786 42.3305
83.9159 48.3081
87.3784 58.1551
90.5539 69.656
87.3346 79.0906
80.0674 83.5155
76.0045 83.5445
75.7605 83.0913
78.8868 87.399
82.2195 95.5988
83.9452 101.867
85.4095 103.98
86.0604 104.084
91.2846 103.589
98.1176 103.423
100.938 103.315
103.141 99.7649
105.062 94.6225
103.256 91.5947
99.6949 90.3064
98.2354 89.9635
97.3372 90.3833
98.2052 90.4514
100.465 88.0175
101.218 84.2189
103.107 81.0016
104.825 78.3266
104.467 75.3855
103.617 74.0767
102.86 74.3564
102.785 72.1324
102.134 70.056
98.9695 70.8561
99.0441 68.7878
102.45 66.6909
103.113 66.5256
104.316 65.6806
105.814 65.9249
105.215 66.4501
102.047 67.7454
97.2231 69.2448
94.2579 70.0509
93.7382 71.3502
93.803 71.7859
92.9806 72.0691
92.9505 71.8078
94.1584 70.1992
94.1198 69.8949
91.4463 72.8955
85.1486 75.0222
76.7874 70.0883
67.5309 62.3795
60.8754 57.6949
59.4232 55.7701
59.8837 54.1983
59.837 54.3863
57.3288 57.9009
53.3803 60.6918
51.2502 61.4486
52.0997 61.9345
54.823 59.4504
54.3635 54.0887
51.53 46.512
50.0024 36.2421
56.3665 27.6025
67.439 26.4249
72.154 28.6079
71.5986 27.9332
70.979 28.0139
72.0776 28.4365
70.2648 25.0865
66.2431 22.4504
58.7493 26.138
50.2279 33.1862
45.2622 38.9155
37.3737 43.9601
25.7425 41.9955
18.1567 35.1074
16.2595 33.0608
18.1123 34.7999
23.3539 36.2455
24.0147 38.9182
23.2221 47.2212
25.0261 55.5195
25.6945 61.3047
30.224 61.068
36.2451 56.1882
40.5734 52.3447
46.139 47.0267
49.9441 42.4476
51.043 39.5221
52.2345 38.5211
54.4897 44.1369
56.4498 51.8643
57.3413 54.1541
56.831 55.5165
57.0689 57.7937
61.7551 59.8319
66.5675 61.3191
64.8537 55.105
62.5266 46.7633
64.5306 42.2908
71.609 35.1731
81.6043 28.5981
86.9488 25.3543
87.2525 23.8483
86.1425 23.7155
85.8839 24.0919
89.8195 20.8107
96.9478 14.5149
100.182 10.1438
100.006 7.18099
100.335 5.83942
101.109 5.61208
101.777 6.00315
102.644 6.0282
102.988 5.79611
101.726 5.51411
101.038 5.00803
101.846 4.7069
100.43 4.63682
98.7429 4.7059
99.0071 4.72599
99.9293 4.69261
101.126 4.55021
100.949 4.83235
100.174 5.33114
98.9087 5.44649
95.2315 6.01848
92.5556 5.72024
91.6139 5.58643
87.8233 7.88306
83.95 11.3096
77.0816 12.8502
68.5043 9.59152
64.7956 6.60702
63.7581 6.32086
62.992 6.48386
61.9345 7.37823
63.4778 10.0926
66.9931 14.7281
67.5787 20.474
66.1736 28.0523
62.8393 34.4592
54.4782 37.9196
46.9762 41.5906
43.7244 45.8247
42.8199 49.1751
42.3006 50.2604
41.3226 50.5258
39.8656 53.7448
34.6629 61.1522
25.2579 71.8305
15.594 79.7687
10.1208 83.3274
8.89745 85.6819
10.685 88.1978
12.2365 92.6003
10.5096 93.7239
8.68923 86.047
10.3034 73.6008
10.93 65.0234
8.75721 61.6106
8.22959 60.7251
8.56798 61.4317
7.90508 59.2685
8.46676 55.6051
9.54335 54.2426
8.57691 53.4081
7.78548 50.5028
9.39361 46.8096
11.2187 45.179
11.2642 45.342
10.8418 45.7553
9.46822 43.6555
8.17658 38.835
7.4528 34.58
7.77134 30.6733
9.22915 27.6786
10.3227 27.5136
10.8475 27.5504
11.5721 26.2181
10.97 23.4622
10.0809 21.8332
9.17402 19.2244
7.73864 13.9356
6.96599 10.7213
6.78716 10.3233
7.80214 11.3317
8.6851 11.0632
9.65924 9.13178
10.0329 7.95489
13.2229 8.71734
19.9354 9.16384
23.832 7.92099
26.6128 8.30343
30.8344 12.6234
33.8941 20.8651
35.0062 31.6212
36.1221 41.4576
36.9491 46.862
37.1156 48.7813
37.548 49.9471
37.6916 50.5893
37.7461 49.4099
39.4217 47.1925
43.8212 45.5483
51.8242 46.1307
58.7216 47.4832
61.0411 48.1307
60.5478 48.9284
56.9089 51.7857
49.8383 57.3822
45.4839 64.6324
46.8741 74.8563
49.6909 86.4479
51.1711 92.5555
53.1512 92.5638
57.1689 96.9104
58.9213 102.427
59.8167 102.616
63.2597 102.479
67.5386 101.639
71.2614 101.648
72.1971 100.213
69.0781 94.4598
66.0576 90.1977
68.0023 87.0333
74.3338 80.8735
82.8898 72.9185
90.9918 67.4921
95.3247 64.8258
96.5422 63.2747
99.1478 64.7745
103.693 69.7013
106.016 71.4054
105.271 66.6253
104.047 60.4563
103.283 58.0072
98.8687 57.5579
95.7026 51.6542
99.5292 43.3618
103.757 39.7855
104.143 37.0626
103.283 33.0759
102.996 30.3479
102.94 29.2781
102.695 27.7166
102.109 22.125
101.931 13.9747
101.735 7.9674
101.594 5.6218
100.563 7.03173
97.0158 12.5468
93.922 17.5392
91.4831 21.5446
87.3365 26.9124
83.6261 32.8281
80.0552 40.4486
73.9523 48.9357
68.7357 54.9899
66.117 56.5652
61.7099 56.5446
56.0306 56.5388
53.0728 56.0127
51.9614 55.3647
51.7672 55.429
52.0924 56.7744
51.9291 58.7311
51.6892 59.1675
52.0571 56.2146
53.3723 49.9398
56.534 42.8291
63.319 39.8982
66.7308 38.0721
68.3038 31.8753
74.1451 27.0006
81.1882 26.4259
87.2046 27.2963
89.208 27.1458
89.0914 23.7551
88.9128 19.7931
87.786 18.5252
82.7188 19.4006
74.998 20.6359
71.2252 19.0528
70.8128 16.4581
69.5055 16.3219
68.4754 16.8816
68.6863 17.5391
68.8552 22.1838
68.3703 29.9838
67.2614 36.45
65.2705 40.1818
59.823 39.0263
51.0861 37.5955
43.4644 35.9129
38.1726 30.8611
34.7722 26.9883
31.6886 22.2989
27.7066 17.8316
27.4631 21.3853
31.4315 29.2944
31.7939 35.0319
34.1895 39.1149
41.4998 37.9747
43.63 33.8606
44.443 33.261
48.6549 34.6711
54.8471 37.1314
61.3882 39.5133
65.7405 43.8529
66.2113 51.5922
63.9704 61.9933
61.113 75.6023
59.7671 83.8718
59.7537 84.9267
56.4083 84.5331
50.3791 82.4844
46.5289 82.2895
45.5098 83.6935
46.4071 84.4688
49.0976 88.3392
46.5721 95.8455
40.499 102.07
37.8606 104.112
34.3773 104.298
30.1243 104.179
26.3787 103.583
22.7749 102.771
19.7342 100.721
17.7739 95.696
17.0422 89.4397
16.9221 81.0872
16.0384 74.3506
16.0227 72.7373
16.9183 73.5048
19.132 75.4114
24.9737 73.5462
30.7905 73.738
31.3398 73.8029
28.3156 67.358
29.5164 59.5711
33.368 52.2502
38.284 47.0789
44.6269 43.9719
47.9585 42.5551
52.0579 41.7896
56.1288 39.1022
55.876 36.5429
55.8526 37.0235
56.4627 39.7303
59.7389 45.8751
66.7207 52.6212
73.3682 56.1738
75.8187 56.0819
79.1508 54.7331
86.6421 53.0061
95.6633 51.5512
103.373 53.5073
106.118 59.4274
105.911 66.5018
104.582 71.4946
103.696 74.6427
103.141 78.0705
101.726 79.6955
100.674 78.5733
101.048 81.5513
101.301 89.2352
99.3036 96.15
96.0178 100.539
93.9074 102.909
93.8698 104.111
93.8218 103.876
92.7732 103.348
91.7547 103.358
91.4872 103.728
91.6846 103.284
91.5344 102.455
91.8514 101.712
91.2491 100.453
87.8287 101.106
85.1385 102.284
84.567 102.196
85.6761 99.017
87.3685 96.0254
86.3052 96.4065
81.5608 96.9262
75.5021 98.5714
71.51 101.176
70.2411 102.227
70.6437 102.463
71.4849 99.6669
70.5247 93.3653
67.0497 87.3691
65.6852 79.2097
65.3244 68.4083
63.9199 55.7393
63.9626 45.2598
63.4474 41.2339
62.6219 39.7246
64.4344 37.7108
70.2732 35.5452
73.9398 32.8881
74.7638 30.2229
79.8141 32.9628
85.8789 37.3114
89.1525 37.1585
90.6234 36.3417
90.8598 36.4758
85.2486 34.5704
75.4759 34.869
67.6743 38.6887
62.8709 42.9777
59.5305 47.8238
54.6477 48.4374
48.5712 46.5468
40.4891 45.5685
30.3281 44.8401
24.0483 46.0359
22.8462 47.9333
21.7509 44.8943
21.2977 35.8192
22.3123 25.976
23.6132 18.9717
24.7216 15.726
24.4866 14.2023
21.7121 13.0306
17.8216 12.514
15.1192 10.6298
14.2935 8.63167
13.1477 8.67079
11.2231 9.88731
15.2371 9.83774
25.8931 9.37065
35.0006 8.81834
40.2245 7.90267
45.3844 10.5569
51.407 17.1112
55.9538 24.9531
57.881 33.9723
56.9819 41.7639
55.6147 45.2611
58.4555 50.497
64.2294 61.8701
69.3706 76.5513
70.2387 90.5542
69.0725 99.7194
69.7091 103.549
72.4558 104.131
75.7842 103.652
76.976 103.368
76.2183 103.346
72.9238 103.766
67.308 104.296
57.9898 103.624
49.8866 102.64
47.1408 102.98
46.53 103.478
47.267 103.535
48.2524 103.626
49.3205 103.567
51.1544 102.929
52.3327 102.574
51.7324 102.749
48.4604 102.491
45.1584 102.466
43.8129 100.066
42.1569 94.6712
44.2647 89.0737
49.2461 85.3801
49.9119 83.9812
48.9433 83.1667
49.2282 83.6226
45.9838 87.3107
39.6768 92.5117
33.2329 96.0328
29.2572 96.4598
27.3213 93.4601
21.3176 88.3192
13.7734 85.9965
10.3171 88.7769
9.65972 92.9575
9.61445 94.9238
9.02605 91.413
11.4984 82.3905
14.984 73.1638
18.2699 65.3105
22.6618 58.5153
24.5535 53.0549
25.0983 49.2977
26.9485 46.4838
28.9152 42.8905
30.8405 37.0639
32.8242 27.5992
32.863 20.5287
32.3139 14.1324
32.7257 8.968
32.8595 8.55994
30.3946 8.84174
28.1785 9.46653
35.2494 10.455
46.9774 15.2436
55.4711 22.41
60.1786 30.5132
61.5552 38.9713
62.3543 44.3946
62.7002 49.7086
64.0571 55.8113
65.2923 58.2167
64.5301 58.6909
64.5045 62.929
66.4472 72.043
68.2777 83.8827
69.2306 91.7777
69.9184 94.6044
71.1074 95.1736
72.3406 92.9974
75.0041 89.9047
82.6884 91.8045
91.2441 98.7848
94.4459 103.367
96.17 103.504
99.3672 102.26
102.283 100.708
104.571 98.978
104.89 96.9564
102.859 93.2575
102.599 89.0091
103.154 86.5174
103.039 84.7857
103.574 82.5171
103.47 79.9368
103.771 79.0281
103.748 80.7622
103.602 81.9197
104.093 80.7278
104.696 79.0903
104.334 79.3324
102.886 80.9574
101.794 82.3297
98.2711 85.6627
92.443 89.1133
86.5083 89.849
81.9277 88.4627
77.9274 85.0972
73.5822 80.6019
69.9659 76.8613
67.699 74.5923
64.5885 74.0072
61.0341 73.6391
60.4102 72.3813
60.7781 72.0888
60.6781 72.3625
60.5861 72.4961
60.5589 72.5236
60.4175 72.8799
60.2904 73.1265
60.3336 72.8974
60.3227 72.7749
60.3024 72.7854
60.2787 73.1219
60.2618 73.3669
60.3449 73.1624
59.776 72.8383
59.3972 69.035
62.2005 63.8907
64.6311 62.7538
63.4947 63.2287
63.2329 64.732
63.6331 67.8978
62.666 70.922
62.2778 72.3274
62.9944 72.2958
61.8155 73.1327
57.928 72.0764
55.5241 68.0256
53.9082 64.7239
51.2728 63.0289
50.854 61.9891
51.7823 60.4378
51.5326 59.7258
50.1941 60.7078
49.5568 60.8673
50.0209 60.0479
49.9636 60.0121
49.3982 60.3122
48.7961 60.5308
48.3579 60.5956
48.1887 60.6361
48.2119 60.6082
48.4844 60.9964
47.9891 62.2707
45.7144 65.9195
41.622 72.9139
36.7428 79.2145
29.537 83.7096
20.0444 87.9715
13.2122 90.0002
11.2846 88.1321
14.4146 81.0119
19.0543 72.4973
21.6626 68.8785
21.4211 68.6555
20.1942 69.0814
19.2597 69.8454
19.3117 69.7031
20.3126 69.0988
20.5005 68.8167
19.9807 67.5779
20.732 62.7555
26.9152 58.3898
33.2123 58.9147
34.1304 60.6042
34.6512 61.4505
35.4614 61.641
35.6022 60.4154
36.6787 59.0585
38.5029 58.2952
39.0266 57.7776
37.5821 57.8643
36.6601 58.0021
37.6395 57.8613
38.8523 57.6281
38.6722 57.5881
37.7877 57.7428
37.8522 57.7252
38.6058 57.5965
38.6557 57.9313
39.4163 58.1648
40.5683 57.9287
40.717 57.958
40.0992 57.8978
38.9346 57.2863
39.0832 56.9064
40.3577 56.9345
41.0601 57.0647
40.8974 57.4762
40.2656 58.0031
39.979 58.2762
40.3752 58.3125
40.9179 58.304
40.8468 58.3419
40.358 58.3096
39.9262 58.3461
40.0751 58.3815
40.6133 58.1208
40.8428 57.9283
40.6097 57.9619
40.4278 57.8937
40.2263 58.1144
40.3546 58.1974
40.7189 57.9796
40.7023 57.9128
40.7023 57.9229
40.7272 57.9917
40.6536 58.0947
40.7087 58.118
40.8506 57.9099
40.8639 57.8201
40.7626 58.0089
39.8729 57.8717
38.135 56.7843
37.6705 54.0689
38.8313 50.4308
39.9677 50.2816
40.0034 52.0995
38.6726 51.5117
37.2347 50.3523
36.739 49.9611
37.7468 49.6914
39.1943 49.4445
38.1278 49.482
36.5941 50.1961
38.046 51.6043
39.7674 52.546
39.6276 52.8349
38.6628 52.6303
37.9714 52.0294
38.328 50.8689
38.8802 47.7889
42.4525 45.1781
46.5935 46.9514
46.1759 50.8231
44.128 51.7346
43.0809 51.2051
44.0727 52.4762
44.8512 54.2275
44.8469 55.0279
44.7136 55.2241
44.5354 55.2403
44.5072 54.9925
43.9271 54.6947
43.5267 54.6056
43.6383 54.4816
44.4905 52.7114
50.0115 49.5652
57.7256 50.6039
64.05 55.2144
69.5109 60.3195
75.2279 67.9238
81.7752 74.6238
88.6409 79.3133
94.0864 83.3295
96.4491 87.1036
97.5292 90.7015
95.3054 97.2233
92.8502 103.756
95.9596 103.299
101.74 100.252
100.785 97.6998
97.2107 94.5892
98.6959 93.0023
99.3653 93.872
98.5909 95.3656
99.031 95.6904
99.2713 95.1389
99.7569 92.0418
100.476 87.6544
99.3372 85.9204
95.3648 84.4495
88.794 79.1694
84.674 72.0155
85.8815 67.0856
85.7667 63.7794
83.4285 61.4122
82.522 60.4378
82.2136 60.4918
81.9257 60.4435
81.6817 60.5172
81.6194 60.4977
81.4869 60.5716
81.4662 60.5577
81.5716 60.4952
81.4952 60.649
81.7198 60.5796
82.1253 60.7156
80.3218 60.0338
75.9249 57.7249
71.6721 55.6378
69.2954 53.7081
68.0846 52.1288
66.9096 51.6773
66.8261 51.4119
67.2539 51.3892
67.075 51.6979
66.8897 51.8627
66.8134 51.8579
66.5539 51.4913
66.4225 50.2895
67.0047 49.1845
67.5145 48.9596
67.4362 48.9725
67.2903 48.9868
67.0653 49.1484
66.9702 49.13
67.1515 48.7907
67.1884 48.5933
67.0719 48.5347
65.03 48.2633
61.2836 50.6965
61.2349 57.2377
60.5144 64.6977
53.6787 67.1443
47.1077 60.7617
44.2538 51.048
46.298 43.4972
53.2389 35.843
59.2675 28.8936
60.7767 23.7676
60.7844 18.66
59.9246 15.8356
60.4369 16.2716
67.1894 22.0025
73.7289 28.9515
76.9113 35.5987
80.784 42.2905
83.3762 45.1199
83.6312 46.5576
81.0412 50.4377
76.5276 58.9449
73.0092 69.5362
68.0064 79.207
62.134 84.8602
59.3604 86.3911
58.6462 86.1054
59.869 85.1725
63.2083 84.2249
65.873 83.1918
69.1568 78.7591
70.5937 70.1853
69.8817 61.5263
71.8943 57.6179
71.1447 56.1547
64.5767 52.2947
57.7224 49.9848
54.2771 49.4249
54.1122 50.1909
54.5863 52.8114
52.7799 55.2272
51.1153 51.9681
48.1389 44.3013
40.3489 38.6147
33.3517 32.6947
31.264 29.6607
31.0459 29.0051
33.7639 29.1827
37.7606 28.0849
40.9089 24.5456
42.1798 23.4122
41.1204 23.0236
41.4929 22.0527
44.6276 19.9067
52.4492 21.6838
60.2797 25.9458
62.8568 22.4011
64.1468 14.6787
67.4231 10.8782
67.831 8.37145
69.4358 6.22378
79.3738 6.86901
89.2325 8.76308
93.8938 15.3084
96.4556 25.2369
97.5906 35.6126
99.7941 45.9828
102.027 53.215
102.698 56.7676
103.288 58.0397
104.299 58.8552
104.995 61.1401
104.135 65.7977
102.207 65.9999
97.7914 63.6674
93.0921 67.1178
90.2868 74.1462
88.5675 79.6798
83.5305 83.8889
75.2453 91.824
70.1572 98.7322
65.8997 98.8915
57.5243 99.2224
51.3207 101.907
50.1268 101.884
46.4137 98.7507
39.5944 93.8948
33.7459 94.3236
31.5147 99.3608
32.9559 102.585
32.1438 103.533
26.2568 102.691
22.5948 103.612
21.3062 104.496
19.003 104.544
16.4332 104.343
14.6052 102.625
15.4456 98.0872
17.642 90.5572
18.868 82.5496
18.1622 76.6415
17.5054 74.037
13.7754 73.8244
10.0785 73.6831
14.6878 69.9548
22.8854 62.3133
29.5353 53.4526
32.1975 42.5449
30.5558 33.1739
28.2624 29.4604
28.0154 25.4909
29.4549 18.0339
31.0789 11.3621
32.1246 8.70353
31.9078 8.59433
35.3782 9.94915
43.6011 15.6392
50.7828 22.3365
56.2222 29.4753
62.9402 39.5275
72.1441 48.0271
80.3211 54.4067
85.1273 57.4819
88.4952 57.6184
90.6922 58.4647
92.1807 59.0772
92.5091 56.8572
91.6212 55.0006
93.7097 55.9242
99.6547 58.1877
104.403 61.4282
105.881 64.4
106.341 67.1853
106.321 68.326
106.24 67.5612
106.224 65.7156
106.221 64.6044
106.334 64.4124
106.199 65.4207
103.684 70.6932
101.926 75.3401
102.681 76.2448
102.717 75.0704
98.745 72.585
92.3891 72.0507
88.4254 74.8121
86.1986 75.7736
84.701 73.7106
82.2296 68.4241
78.4652 59.7034
74.832 52.3863
68.1801 47.7179
62.6237 48.9913
62.3356 53.1424
63.1729 58.6967
62.307 65.2026
59.4843 68.3239
57.5995 69.8208
55.6 65.7563
54.8213 55.3621
55.916 46.1852
58.1666 40.3444
64.5483 35.1984
68.9574 32.9818
69.003 31.5546
71.0224 28.2484
72.6655 26.764
71.3942 27.0343
66.0401 30.7872
57.9673 36.2756
53.9121 43.3407
51.9699 50.3724
44.9174 52.1644
36.043 53.0679
27.6168 51.6955
17.2032 47.3492
10.1864 44.3786
10.8226 39.066
13.2969 32.0515
15.0612 28.7051
21.515 31.4634
30.7133 36.5854
35.7606 38.7002
41.0294 42.0066
50.9627 45.4944
63.0368 46.9429
75.946 49.8879
85.0316 53.5807
88.6466 55.6359
91.9953 58.0168
97.4409 62.6325
98.3881 62.8652
92.1592 56.4911
82.4063 51.207
75.0476 45.7608
75.461 39.1022
78.006 35.1501
77.2052 32.3048
74.6587 26.0381
73.8968 20.3674
73.8049 21.3548
72.7154 27.6075
69.5486 35.0299
63.8207 39.0183
57.1076 40.3145
50.9271 40.63
42.7456 42.6592
34.2765 45.6312
31.5549 45.9439
32.2651 42.6403
35.801 37.9457
38.1111 35.9682
36.1865 38.2249
37.7179 45.4691
42.1449 53.6455
45.7973 59.8439
50.934 65.1941
55.2258 69.9648
59.6152 77.4509
63.2903 84.0938
62.1639 80.2736
59.7052 73.4346
60.1879 71.4274
61.651 69.2148
60.9865 65.3028
60.0346 61.7309
60.9857 59.9011
61.9385 59.1732
62.0399 58.7527
62.2082 57.1153
61.7698 54.37
63.4521 51.7322
64.7532 50.2063
63.501 49.7306
63.2943 49.6593
63.1085 49.6487
62.8141 49.6273
62.3846 49.6665
62.0198 49.6031
61.7862 49.6306
61.924 49.5787
61.7494 49.7656
61.1177 50.065
61.6308 49.8096
62.5366 49.8869
63.4641 50.8981
63.7953 51.7911
63.9659 52.1058
64.3568 51.9629
63.9545 51.9588
62.6109 52.4209
61.9985 52.8124
62.1651 52.6882
61.1349 52.1795
61.0139 52.1667
61.7863 52.3604
62.6813 52.3015
63.6657 51.1371
62.4217 49.0057
59.5508 47.2735
58.3036 45.6973
57.7049 44.8331
59.3803 40.8892
68.3882 38.6523
78.0501 43.4205
80.7385 46.7457
80.2025 48.9167
79.3272 51.7418
78.3831 53.935
78.174 55.2859
79.4974 54.8876
79.6178 59.0488
76.2966 68.6359
72.8749 74.5784
71.0027 76.4338
71.5344 78.8079
76.2986 84.4419
81.6582 91.5561
85.3064 97.3711
90.2662 101.23
94.7733 103.055
95.9568 103.878
95.5955 103.552
95.8482 102.001
96.0446 101.268
98.0268 101.001
100.579 100.21
99.8009 97.6898
96.5443 93.1738
95.9347 88.5543
99.8582 86.599
103.33 87.4396
104.284 87.6383
102.072 87.4086
97.3005 86.7736
93.443 83.5258
92.5537 74.8744
94.4622 65.8142
98.9764 62.5119
102.713 61.7236
104.608 60.8735
104.73 60.5633
103.648 58.8374
103.288 55.0988
102.9 52.2957
102.204 52.1558
102.169 52.7119
101.614 53.1792
101.041 48.7489
101.719 41.4065
102.335 36.6335
102.783 28.5294
101.57 18.3306
100.755 11.5039
101.739 8.47902
101.858 6.7399
101.382 5.30833
101.386 4.84368
99.7026 5.37665
97.556 5.92119
96.4401 5.43387
94.8012 4.99094
94.0527 5.04353
93.1848 6.2746
89.224 9.32207
84.3917 10.9752
81.9267 10.2956
80.9731 10.4941
80.1429 10.748
80.0521 10.578
80.1202 10.4101
80.713 11.7311
81.9248 15.4967
82.6917 19.0052
82.3049 20.2141
81.3526 22.6549
79.8462 26.0458
78.6245 27.8966
78.2487 29.4914
78.1711 31.7446
80.7712 36.3443
84.1422 43.4927
84.6428 49.3302
83.6647 51.4318
82.9481 52.3306
81.2703 51.5657
78.2895 45.995
75.3639 39.573
71.9513 33.906
70.7463 30.0627
69.5799 29.8399
63.3634 24.0591
57.3501 15.6279
56.0072 10.35
56.6886 7.34357
55.3526 7.74745
50.4215 8.96596
45.9106 8.6743
42.3813 8.77532
38.1519 9.78412
35.5793 10.9209
38.308 13.5443
46.4787 15.9569
52.4525 16.7448
53.6766 16.4139
54.8435 15.5049
57.5607 15.3253
57.8358 16.2661
54.1285 20.8637
51.2565 28.546
49.5385 36.4661
47.3444 46.0124
48.8031 51.2201
50.8954 49.2005
50.9701 46.7567
56.1108 46.8831
65.9997 50.9949
74.1399 56.0418
79.3256 59.2637
81.7737 60.2866
81.8528 59.5069
81.7974 59.6065
80.9623 63.8612
80.1353 70.4238
83.1323 75.7954
87.8982 73.8882
91.901 67.8742
98.1313 67.1702
104.055 68.3267
105.845 68.4861
105.357 66.9745
102.575 64.8098
98.4307 62.5073
98.4035 59.4725
100.071 56.6014
98.9933 54.7372
99.9843 53.1152
103.938 52.1504
106.097 53.8067
105.211 62.0824
101.676 71.7907
99.6525 76.1703
101.837 77.7987
102.703 79.0373
99.8045 78.1109
93.5402 76.0346
86.0245 77.2496
81.1945 83.6177
79.4671 92.0528
76.3244 93.8954
70.0651 94.8183
62.0172 99.1226
55.766 100.636
53.2353 100.343
51.9621 100.61
51.7777 102.6
51.7933 103.769
49.184 102.431
45.5364 102.066
43.4775 102.61
41.4831 98.2981
39.2769 90.9334
35.3334 86.3541
31.1578 83.3665
28.6332 82.5387
27.695 82.2259
28.4206 81.056
29.7019 81.1723
28.6337 83.7934
25.4068 88.8461
24.8544 88.4251
30.4705 81.345
38.2055 74.7435
43.9535 68.9454
52.3174 66.386
62.7791 67.9904
70.878 68.7827
74.3967 66.9649
75.4655 64.9318
77.1241 65.1194
77.5565 65.3107
76.5079 64.5156
71.7222 65.128
67.2002 65.842
65.5886 64.6855
62.4269 62.3805
57.5124 56.8943
50.7162 47.1987
43.8414 35.9981
42.2949 29.0625
43.0642 28.5935
39.6009 31.4024
35.3418 31.2394
33.7006 28.1473
32.5581 26.742
30.0587 23.874
28.1716 18.5785
26.4917 13.5359
24.4464 11.1609
22.9065 10.3153
22.3579 9.10998
20.4615 11.0057
16.2617 14.3077
12.0603 12.1865
9.8241 9.7486
8.4918 11.7449
7.3888 12.8825
7.29151 12.098
7.21737 11.1623
7.00639 11.1004
7.36361 13.1113
9.18339 15.2615
9.55881 16.4907
9.1361 18.0059
11.0791 18.6028
12.4596 18.3854
13.0778 18.0007
14.169 17.2869
14.4813 17.3324
13.5446 18.0581
12.7175 18.3091
12.8332 18.1498
12.7895 18.204
12.7319 18.2599
12.6105 18.0148
11.6484 18.8459
10.3169 20.3757
9.85226 21.5311
9.80259 22.86
9.84896 23.6564
10.2661 23.4943
11.0844 23.0991
10.6686 26.8204
9.45727 32.5858
11.0411 37.0526
11.6883 41.3328
11.3553 42.5193
11.1972 45.2938
10.7309 57.0558
10.3696 67.7863
9.89299 71.6433
10.3711 74.0998
10.5658 76.4261
10.7532 81.6519
10.705 88.2309
12.284 92.7973
13.6412 96.4055
12.2003 98.302
11.809 98.5474
13.5652 98.6994
15.1406 98.6338
16.0598 98.1904
16.5983 97.7484
16.6503 97.6868
16.6772 96.5555
16.8157 95.3961
17.2113 94.8088
17.4544 94.3726
16.7974 95.0753
15.6391 96.2768
15.4558 98.6211
15.8381 101.113
15.3471 101.937
14.77 102.025
15.1857 101.968
15.7153 102.006
17.7194 102.054
20.4124 101.48
21.4762 98.8647
24.331 96.3506
29.6461 96.8247
35.6187 97.098
42.4508 94.49
47.2417 91.6505
48.8456 89.8023
50.4439 88.8043
50.7543 88.648
49.1135 89.3076
47.5708 89.8469
45.7351 90.4784
45.273 90.1442
45.3287 88.1097
44.2877 86.8809
43.9721 86.8376
43.6611 87.6747
43.3766 89.8111
44.5585 91.6251
45.9122 91.4189
46.0236 91.3486
45.927 91.8915
45.8596 91.8008
44.3288 90.6094
45.1887 87.43
48.6095 81.8299
52.4583 74.4537
58.2753 66.1713
61.6268 59.9556
63.7316 54.452
67.011 49.1323
68.3697 47.0897
68.1418 46.1862
67.1334 45.7701
62.7617 45.9981
57.7133 43.6926
56.3497 40.5365
56.8831 38.5853
60.7277 36.2866
64.7068 35.7046
67.1577 32.7406
72.9159 24.9828
79.9879 19.2697
85.4777 18.1313
90.1294 17.986
91.609 17.181
90.0311 16.8373
89.5288 16.5842
89.0611 16.5421
88.5743 16.6004
89.4922 16.7788
91.0457 16.6495
96.5601 14.6439
102.471 12.8764
103.977 13.1864
104.129 13.7087
103.657 12.8029
102.521 11.5642
101.215 10.6957
99.6565 8.64147
98.7677 6.54887
100.15 5.54415
100.303 5.0647
97.1312 5.22097
94.0016 5.34009
92.0464 4.82127
89.9531 4.64383
88.5442 4.72687
87.7311 4.98921
86.0667 5.46669
84.4422 6.19262
83.6473 7.44497
82.9826 8.07369
82.9259 7.80112
83.8478 7.73035
85.0988 8.22046
85.6614 8.81893
85.3382 8.92801
85.3536 8.93101
85.6942 9.05651
86.8468 8.99109
87.7652 8.88094
87.1638 9.11926
86.6177 9.42339
86.3492 9.34636
85.3525 8.67917
84.9142 9.06506
85.9354 11.4226
87.2339 11.9749
87.3943 11.8058
86.22 12.4911
85.469 12.0283
85.4525 11.2043
85.2714 10.8514
84.9904 10.3232
85.0062 9.76455
85.1482 9.87202
85.2317 10.1223
85.358 10.3201
85.4271 10.3892
85.5309 10.3284
85.5249 10.4029
85.5684 11.4403
86.9696 14.3127
88.1321 17.8118
87.5497 20.8582
86.4767 25.1641
83.7118 32.7542
79.2338 39.8725
77.575 43.1944
77.5812 44.17
74.7866 42.0437
69.5574 38.4587
62.5871 34.7395
57.1111 34.4354
55.0818 39.9352
55.0386 48.8185
52.5312 60.9047
47.2446 69.9475
43.742 71.7081
42.9913 71.701
44.9619 75.3463
47.4997 80.9363
48.3751 83.8913
47.2925 83.7019
46.0766 85.698
45.1728 94.6929
44.899 101.724
46.6227 102.522
48.3669 103.364
48.9245 103.456
48.8145 102.733
51.7096 99.8378
58.8568 96.8431
64.811 99.6551
67.1019 102.691
70.1232 101.492
75.3754 100.414
79.8801 100.548
83.3858 100.567
84.5782 100.653
84.0913 99.8934
85.1828 99.3572
88.9022 99.4532
88.4928 98.2056
82.7176 94.5238
79.1614 88.7325
80.2974 83.9805
84.5643 79.991
91.8698 77.3028
96.1429 77.2383
91.6692 74.6003
88.2064 65.9915
91.2416 57.6222
95.6829 51.911
97.0725 45.2012
95.2235 40.117
94.4937 38.0029
94.3443 35.3405
91.166 32.3066
90.342 29.3816
92.6404 27.0565
96.3049 25.1193
101.294 23.243
103.243 22.8086
102.249 22.9761
101.406 23.9539
100.28 23.8754
96.3083 24.4183
92.1451 27.1707
89.0433 29.607
86.9065 33.5471
86.2028 38.6212
85.8762 43.4812
85.3223 49.5928
83.9215 54.2465
84.5756 58.5022
86.5221 63.6452
85.5055 66.2463
83.3779 66.2013
81.3372 61.8286
78.6604 54.4854
75.4149 50.668
72.536 51.6409
71.981 53.7268
68.2573 54.9983
57.0763 55.878
43.4253 53.2139
33.3916 48.9701
30.5326 47.1055
30.8217 47.1715
30.1406 48.3279
29.304 48.9702
28.5255 45.7883
30.3799 39.0809
32.7716 35.5625
33.4203 35.6203
35.9137 36.995
36.1959 38.9468
34.9954 38.8751
34.8752 37.5938
33.5643 38.1614
31.6114 40.619
30.3197 42.2405
31.5302 42.2795
33.6058 42.1513
34.6871 43.2438
34.46 45.3269
36.3959 44.8781
41.9734 44.0381
46.4594 44.9655
47.2821 44.6074
50.2957 43.4933
56.5183 43.3122
60.5615 42.7601
55.3605 43.0452
46.4714 48.2701
44.3095 54.3971
42.6602 58.4424
37.762 63.4697
28.779 67.2885
18.8578 69.5105
12.0372 70.2649
8.77209 67.8767
8.26641 66.0319
8.09066 63.5742
8.56044 60.0932
9.35739 59.2564
10.7949 55.364
10.7376 48.0836
8.38904 44.4261
6.74903 42.6919
6.70775 38.5747
6.86702 33.7728
6.85618 30.9577
6.84724 30.2843
6.67672 30.4446
6.90331 27.3461
6.59614 22.2469
6.63269 18.2558
6.91353 16.0228
8.12888 13.7606
8.87181 10.7887
7.38598 9.63476
9.16839 8.94335
17.2141 10.6828
26.1704 13.2155
30.2789 11.4789
32.5108 14.929
33.7134 23.6899
34.2297 26.6665
35.4917 26.1649
36.259 25.6043
36.635 25.6432
36.3271 25.34
39.0489 22.9215
44.1723 23.4979
46.5484 25.7117
46.5474 24.2415
46.9409 24.2158
46.9668 23.5466
44.2835 17.0037
42.4987 11.2231
43.0607 9.78275
47.1135 11.9257
56.3002 16.1604
65.8238 20.2467
73.8875 21.6751
82.2339 20.2175
91.6012 20.5081
97.3232 23.5811
96.6549 30.3061
95.9126 39.5138
95.369 47.6548
91.3692 55.4564
86.3584 60.3325
84.6574 60.4618
84.8679 62.4953
82.4943 68.3868
80.334 72.4316
79.2459 73.6797
77.2004 75.2589
75.7927 76.0788
74.8228 75.5736
71.1239 77.3653
65.6522 80.675
62.5931 81.6259
62.0029 80.6216
62.3275 76.5482
62.7275 68.0195
62.7349 58.0524
61.8869 51.0388
59.77 50.3216
58.5439 55.7893
58.0917 63.5676
53.5926 71.4452
45.5757 80.5502
37.5786 86.3832
30.2497 84.661
26.3972 78.1436
26.3116 73.309
26.4256 72.7933
28.0899 72.111
30.9819 66.4677
32.8986 60.4978
32.9271 59.1902
32.1061 59.1751
31.9703 59.1139
32.4463 57.8201
30.2061 57.9501
27.4634 62.0381
27.4186 64.6448
28.7595 68.3824
32.0504 75.9423
33.9502 81.6335
33.3213 86.6688
35.825 90.8747
42.4549 94.0518
45.6106 96.0535
47.4804 90.7144
54.4675 84.5724
61.418 85.4469
65.8164 86.3088
70.6115 81.6207
75.4992 75.9117
78.5273 72.8071
79.5092 69.9029
82.5953 66.3807
86.55 63.8361
87.8097 62.1645
88.2386 62.018
92.6216 64.0062
98.1668 65.878
97.518 64.6672
89.2406 61.9277
80.4887 60.5631
77.7754 59.1723
78.2623 57.5054
76.7703 58.2469
73.5934 61.5846
73.3271 62.9817
74.6834 60.5412
71.2549 56.3189
65.5176 53.3956
63.3082 51.6644
63.7916 49.5028
64.1012 49.161
64.8685 48.2012
66.3367 41.7544
62.5628 32.0759
56.6331 27.224
54.7768 32.4356
54.7494 41.4286
53.5778 49.3725
50.9777 57.9575
48.4683 66.921
45.488 75.2364
41.9819 81.525
39.1233 84.6883
36.5661 85.6368
34.5619 84.501
33.4938 80.6648
32.7129 73.7254
30.1823 65.103
25.6002 58.0758
20.0385 53.2928
13.7661 48.8146
9.2256 46.1038
7.82615 45.2504
7.30319 45.437
7.31417 45.2652
8.68249 42.0795
9.44677 40.157
8.44276 40.3164
12.6741 40.1414
19.377 39.1053
20.2726 38.4727
23.0743 40.2085
29.4095 42.0107
30.8474 42.942
30.279 43.8379
33.2769 41.3228
37.9023 33.5462
41.139 26.4428
42.1651 25.7411
43.1887 24.1408
42.8274 16.5617
40.4645 11.2582
37.2143 9.318
33.8549 8.26581
32.3202 8.33753
35.2761 8.78448
45.4615 13.6516
53.1885 24.3009
54.1705 33.5448
54.3999 38.0287
54.3114 39.625
54.2588 39.7672
54.5393 39.7855
54.6243 39.8457
54.5007 39.5858
55.1853 37.3343
55.0483 34.2336
57.4446 33.9297
63.1748 34.4973
69.8905 35.156
79.4198 37.2293
86.5661 40.7793
89.4825 41.308
89.4262 35.5853
88.6623 32.7123
93.39 31.8597
101.296 29.9899
105.247 30.7328
105.138 34.422
102.198 43.4732
101.229 51.4943
103.702 54.0989
103.98 55.7267
103.551 56.66
103.033 56.3415
100.015 55.3815
97.3364 56.7322
95.4129 61.2417
92.4368 66.9995
90.0988 74.6343
88.8281 83.5708
87.2833 92.9476
85.1373 100.72
84.2737 103.927
84.1219 104.457
82.3288 104.622
80.6014 104.539
79.9076 102.906
79.346 101.718
79.2248 101.866
77.5673 101.045
74.6078 100.648
75.73 99.3442
79.8406 98.6532
77.2453 100.23
69.1543 100.97
64.6291 96.5235
62.5024 87.8436
58.9285 82.3686
56.0561 80.3237
55.2859 78.5758
54.7199 77.8831
53.6082 78.9128
51.9665 80.1166
49.098 83.4363
46.7132 85.2328
46.4003 81.7907
46.5208 79.3482
46.4329 76.0714
46.3909 68.9735
45.6582 66.6856
44.2363 70.7604
44.6803 78.5782
47.719 87.179
51.7424 92.3772
52.5392 96.703
51.3007 99.9079
53.0814 102.008
54.8031 103.356
54.7615 103.4
54.292 103.341
53.9861 103.647
54.0938 104.038
51.3251 103.754
47.7623 102.851
46.8904 103.329
47.3435 104.223
48.2597 104.292
48.6368 104.446
48.4332 104.519
48.1881 104.176
48.3962 103.336
48.5459 102.425
49.9314 102.579
53.9013 103.617
60.3611 103.803
67.104 103.565
70.7016 103.475
72.9705 101.435
74.599 96.2477
75.5629 91.7554
76.6993 90.1868
79.9193 90.6954
83.062 88.7743
85.416 87.2077
86.894 88.175
83.9397 88.1485
78.2181 87.3851
75.3381 85.8213
76.2568 83.7745
77.5499 77.9298
77.7001 70.8782
76.0714 63.0394
73.4459 51.7067
70.9961 39.5728
70.5697 31.9375
71.3255 29.6904
72.2757 26.3919
74.5967 19.0378
77.8259 10.713
79.5525 6.54865
79.5479 6.55033
80.8561 6.85359
85.4912 7.18237
86.609 7.18007
81.5081 6.8954
75.3017 7.81962
71.1945 7.13543
69.8915 5.84925
69.732 5.3957
68.38 5.5902
67.1353 7.94105
66.924 9.24076
65.2529 9.3489
64.6597 11.4539
66.299 12.9529
67.9746 13.8999
70.2588 15.2522
72.8477 17.798
72.6387 23.269
70.281 25.9477
69.211 24.8858
72.1437 26.0737
76.5384 30.5348
77.5311 37.7364
76.14 47.7311
72.6725 58.8803
68.7429 67.0704
66.6668 70.2956
65.8535 71.7249
66.2392 71.9581
65.276 70.8374
62.2839 65.4142
58.3959 57.5198
52.769 53.6212
45.7332 52.3462
40.3825 53.2752
36.3001 55.9616
31.2337 60.0861
29.7093 67.5035
31.3563 75.2048
31.2571 80.1629
29.0329 82.4866
27.7038 82.6751
26.4559 84.2045
22.2534 90.4829
21.183 97.9339
24.9118 102.087
27.2827 103.192
28.2322 103.168
24.7706 102.249
15.7378 98.5904
10.9107 93.5586
12.3959 85.3082
13.6377 75.2907
11.2599 70.0846
8.54955 68.967
7.69948 68.443
6.68098 66.6052
9.05231 63.9562
14.3043 60.0122
17.7624 56.331
20.6985 54.9838
25.6818 53.5189
31.8216 48.1855
35.9708 39.945
37.722 35.0478
38.2206 34.3296
38.7539 34.7294
40.1492 35.4415
40.4682 35.2127
44.0119 34.4379
54.3476 36.9092
61.594 42.2095
65.2245 48.8187
73.1662 53.968
80.7669 55.7203
83.0749 54.1058
82.9997 51.2373
85.6258 49.8759
92.1925 46.578
98.0751 44.1191
101.504 43.9813
103.935 43.2612
104.607 43.1921
103.911 43.6533
103.12 44.4279
103.315 47.2234
104.393 52.7565
103.492 59.6363
102.519 63.8663
103.042 64.3102
103.288 63.2891
103.081 61.8226
101.834 60.9169
101.632 62.5835
102.555 66.4731
103.027 70.2549
102.783 73.2422
102.342 75.372
102.45 78.4768
101.702 82.7098
100.325 87.6024
99.4322 93.71
100.068 98.9007
100.631 102.162
99.0144 103.413
97.4523 103.273
95.3215 103.622
91.8454 103.628
89.3009 102.284
88.5779 101.175
89.2528 100.852
89.4327 101.696
85.9226 102.17
80.9975 101.376
79.2774 101.938
78.1759 101.788
77.3337 100.558
77.4313 99.5579
77.188 98.7482
77.053 98.7356
77.0175 99.5636
75.6266 99.8138
74.893 98.1865
76.8227 95.0952
78.8126 89.0063
80.0989 78.2524
83.9436 67.7527
90.1324 61.8176
93.7337 58.3879
96.8329 56.7276
99.7638 54.7261
100.503 53.1643
100.53 53.2758
98.5903 53.6105
91.5448 55.8613
84.337 59.1446
80.6957 58.5313
76.5727 50.9462
70.4668 40.8793
67.7197 34.6617
68.5245 32.4652
68.8197 30.9285
68.6558 30.2922
67.8059 31.8353
66.5931 34.0116
64.3966 35.072
63.2411 35.7386
62.209 36.4756
60.8905 35.8734
60.3752 35.4404
58.7812 36.8867
57.5815 38.3699
57.677 39.3069
58.928 36.9858
64.9926 31.4804
72.5943 27.5126
78.1441 23.1592
81.2183 18.762
82.0788 15.6566
85.0739 12.0425
88.2853 8.40974
89.5443 6.53923
89.8828 5.69162
89.7729 5.15799
91.4056 5.36601
95.4121 5.87319
95.8987 5.44553
93.7977 4.46194
94.1405 5.00571
94.6131 7.40883
89.8697 8.72224
82.3414 6.84778
79.557 5.49248
77.7531 6.98779
74.6393 8.5087
74.5668 13.4011
76.3105 20.5703
75.2144 27.3333
69.232 31.8943
62.9007 32.4061
60.2864 33.1275
59.7231 34.8368
58.2383 33.2491
52.766 29.6005
45.1008 28.1947
39.1896 25.8751
38.5882 25.147
43.7348 29.8444
48.0193 35.6519
49.3498 39.0249
51.0807 42.4578
55.9191 47.9741
62.5724 55.3246
66.2806 61.3966
69.1035 64.996
71.2711 71.5629
71.0767 77.8398
70.9433 79.0163
71.7362 79.3382
74.4803 80.1909
78.9651 83.9474
83.3567 90.4749
87.6829 97.5147
92.4068 102.286
96.0656 103.491
97.2847 103.426
96.9649 101.001
96.2012 97.0065
96.4625 93.8391
98.8427 91.6335
100.448 89.8879
101.376 89.8028
101.751 90.7987
101.55 90.7746
102.282 90.7883
102.35 90.9266
101.939 90.2848
101.901 89.6955
101.04 89.7037
98.5195 89.5964
97.7516 88.1045
99.14 86.3214
99.9177 85.2693
101.841 84.2579
103.109 83.3417
100.229 83.7467
93.9491 85.2412
88.0112 81.5549
83.1415 75.7675
80.7327 74.3738
81.3136 73.5377
82.0224 71.7771
81.4408 71.2685
79.7167 71.2597
79.6441 67.3052
79.2877 60.8795
79.6346 55.8346
81.4464 48.5612
83.1117 39.3367
84.6306 31.5633
84.3364 25.4073
83.0565 24.6363
83.4705 29.2074
84.3423 32.3507
82.1463 36.1668
77.2508 41.5111
72.406 42.9089
69.4046 41.5473
67.4267 41.0132
66.5103 41.3791
66.5735 41.4418
66.4491 41.4831
66.3408 41.3926
66.2758 41.3986
66.2698 41.6711
66.6932 41.0701
67.4185 38.8342
67.4208 36.8402
65.9653 36.4555
64.2866 35.8876
63.4824 34.1491
64.2276 31.5791
64.1832 28.5874
61.9152 23.7406
65.8537 17.5246
73.1224 14.7331
74.9334 14.4535
75.3826 15.0215
78.6832 18.4009
83.0132 19.3916
86.0287 22.05
87.0809 31.5052
88.4496 37.9388
88.4587 39.4001
85.4697 38.8258
84.4662 39.3039
86.5854 41.3859
87.6607 42.1159
86.9752 41.5682
87.1861 41.067
87.3507 41.6049
88.0526 42.563
90.2752 43.1949
92.0053 43.6402
93.3685 42.1645
95.1939 40.4127
95.6531 39.4619
94.5766 38.801
91.9392 40.1402
92.644 41.9358
98.8684 44.5786
103.642 47.4964
105.173 49.2805
104.367 52.2414
101.6 56.3077
97.6943 56.9629
92.9577 55.6215
89.5653 56.8917
86.6361 56.2358
81.5271 50.3835
73.6371 43.0908
65.7403 37.3755
62.3766 34.2709
60.942 32.7432
59.0929 31.321
57.5051 31.2843
57.0901 33.2838
57.8162 35.3528
57.78 36.0239
57.4759 35.8473
57.3218 35.7258
57.4005 35.7832
59.5585 38.3274
61.6983 44.8373
59.6374 52.3672
51.1358 56.6686
39.8383 60.2294
34.3539 64.6159
33.3042 66.1404
31.2481 63.3038
25.8083 58.8831
17.896 55.8135
10.9627 52.4041
7.76864 51.6405
7.7333 50.4101
7.94155 48.0135
7.83272 49.9408
8.03832 54.9832
9.03687 62.2859
9.36563 66.9897
9.20288 66.9035
9.15354 66.319
8.80936 65.7743
10.897 65.3868
14.1637 69.3501
14.2113 77.3397
14.6352 85.1559
15.7588 91.5802
17.3857 93.5178
18.2992 95.6594
16.3992 99.8747
17.0704 101.242
19.3796 102.164
19.3565 102.717
18.2519 102.445
17.2181 102.195
15.8756 102.286
15.6794 103.062
18.1057 102.66
23.7497 98.308
30.6053 95.5334
34.7577 98.5735
36.7959 99.8262
38.8771 98.9185
40.3506 100.805
40.1495 102.71
37.1892 101.357
32.7278 96.5031
34.0711 92.3626
42.4669 91.8121
48.1277 91.0787
51.7503 87.82
61.6115 87.039
71.6218 89.1208
77.7908 90.8302
83.0165 91.2567
85.2837 92.7112
84.2599 96.0118
81.5655 99.4569
80.7552 102.042
81.3572 103.385
81.2628 104.266
81.3227 104.173
80.6261 104.204
79.4721 104.28
78.8361 103.714
75.716 103.224
73.1868 101.813
74.0116 101.143
77.0027 101.773
79.2722 98.9448
79.3867 94.015
81.835 91.2331
85.6009 88.7508
88.0174 86.6765
88.153 85.7209
86.2513 84.1109
85.2508 80.349
89.7046 75.7832
95.4397 74.2816
97.9142 75.0857
99.6898 75.6842
100.686 75.8819
101.547 76.6248
102.135 76.7289
100.402 75.8434
95.5778 73.9099
91.3676 68.7794
88.9817 63.2177
85.278 60.6718
81.758 58.9002
80.5102 57.3945
80.4385 56.6073
82.4006 55.1462
88.5776 53.9741
95.8836 54.2952
99.9756 56.275
101.492 61.1512
103.624 66.9927
105.635 69.5775
106.108 69.0565
105.451 62.0075
104.689 53.6832
104.613 50.398
104.366 47.6014
103.905 43.4228
103.219 36.6764
102.567 31.8388
101.846 30.0295
101.894 28.8716
102.207 26.4605
100.73 24.9093
97.4506 23.9676
93.6935 20.5583
91.3012 14.9434
90.9084 8.43298
91.6186 5.17115
91.9307 4.67837
91.0813 5.86643
90.1892 7.14757
88.9401 7.55665
88.0796 9.25211
88.9583 10.3512
89.6656 10.6027
89.5364 11.3118
89.424 11.3677
89.2195 11.5263
89.1358 11.4671
89.5434 11.2499
89.3103 13.4633
88.3029 17.0217
88.3279 18.9749
88.2911 19.0072
87.9136 19.0077
85.7447 17.8966
81.7649 13.0156
79.8116 10.0301
79.5109 8.39372
80.3596 6.19035
81.5998 6.90258
78.5574 8.67775
70.9561 8.27746
65.4527 6.82742
62.4325 8.82654
56.2812 11.6893
47.007 11.282
39.9221 9.74991
36.0764 9.65757
35.283 11.087
35.5514 11.9203
35.2238 12.4759
36.0543 12.5665
35.1468 12.5766
30.6485 12.9453
28.6775 13.7593
33.2093 16.8048
37.7748 20.8741
37.6543 28.6156
32.8329 40.3089
26.3409 48.7986
23.3145 52.8534
21.998 54.3018
21.4798 54.1932
19.2899 54.708
14.2068 56.6521
10.425 59.7661
9.02013 61.9125
10.501 62.9555
12.3807 63.6418
13.7919 64.057
15.0324 64.3042
14.9547 64.3105
14.9603 64.1005
15.7199 63.5212
15.3586 62.9945
15.0048 63.7145
15.8411 67.2423
13.3391 71.9493
10.4223 73.8367
10.6093 75.7333
10.943 79.5815
11.4025 82.1135
13.2165 82.2277
14.9967 81.5071
15.9515 81.1365
16.5263 81.356
16.3226 81.6743
16.1943 80.7999
16.2947 79.489
16.2065 79.9609
15.7507 83.9531
14.2667 88.3369
13.5362 86.9777
14.0983 81.3488
12.9537 77.0515
13.8983 75.1326
18.7013 75.6676
21.0021 77.1462
19.1305 76.751
17.057 74.9448
18.615 73.2211
21.8749 72.3871
25.1191 71.5212
26.7028 68.5088
27.2546 65.9073
28.2955 65.7858
27.2305 66.0037
26.1023 65.9903
26.8727 66.4896
27.6626 67.0553
27.4551 67.6011
27.2466 67.8566
26.9663 67.531
26.7067 67.3103
26.3882 67.0254
26.0635 66.8378
26.2242 66.7434
27.349 66.4336
30.3745 62.9495
34.7397 55.0318
42.4234 53.1899
48.4732 56.9959
48.4692 57.7121
48.6746 58.7503
54.4278 59.8568
61.7411 58.5935
65.2153 54.0954
70.0529 47.2467
75.4209 44.3585
77.6978 43.2928
78.067 40.944
77.3012 39.7925
74.0206 39.9233
68.5727 39.7173
66.1675 37.6825
65.5417 36.2753
65.4561 37.8441
68.5149 37.7785
68.3839 31.4597
63.2142 22.0235
57.7861 15.2704
53.0102 12.1025
50.1287 10.6987
48.2923 9.60596
47.6391 7.71431
47.0992 6.75127
45.3702 8.02061
42.2056 9.33208
37.6252 8.55296
34.0553 8.14014
30.8462 9.46156
28.0104 11.3008
29.5377 12.0311
36.2049 10.8369
45.884 10.3774
54.086 11.4501
55.1484 12.6733
52.2435 13.6205
53.342 14.8081
55.2235 16.1397
52.9236 15.8057
53.5581 13.684
59.6007 14.1857
65.2768 20.1811
67.5611 27.9726
68.7186 37.508
70.6584 45.8809
72.6299 48.2458
74.5057 49.5086
74.2548 54.7779
71.0481 59.2829
68.8478 60.5031
69.5821 61.9666
71.2661 61.8542
76.3618 57.8002
84.1961 56.5922
91.5307 61.5085
96.2647 66.8861
98.0742 69.0276
99.1835 69.6647
100.879 71.6021
103.864 72.1277
105.781 67.8764
105.611 61.9428
103.514 62.9406
99.4259 71.5088
93.7225 78.4092
86.7178 83.3819
82.1564 90.5062
81.8779 97.442
83.2655 102.305
84.3332 104.105
86.9271 104.325
92.2464 103.953
95.3741 102.845
96.1177 101.94
96.3934 100.983
95.666 99.6659
92.7667 100.59
84.6906 103.342
75.5577 104.046
71.5191 103.56
72.5933 103.485
73.9242 102.201
70.1069 101.546
65.2295 102.263
63.7854 102.306
63.808 102.558
64.3054 103.608
65.3556 102.25
64.7073 98.9635
61.4229 96.2077
56.4482 93.4873
51.6207 93.5076
49.9467 94.9743
51.7392 92.7447
54.1531 86.6049
54.9729 80.8462
55.3557 81.1636
54.491 82.3494
52.3934 82.054
50.559 84.9838
50.0906 89.2756
50.0848 91.7693
50.5895 91.4351
48.2079 88.9578
39.7754 85.819
32.2529 86.1666
29.8336 90.2757
29.3396 93.5991
28.867 93.2142
26.315 89.0071
18.3093 87.0459
11.6285 91.0727
9.89269 94.2503
9.58661 93.8722
9.08777 90.6654
7.68688 83.5517
7.68043 75.2921
7.85358 71.1109
6.82937 70.4352
7.43439 68.9713
8.2933 67.7827
8.55134 68.998
9.79788 69.516
12.0834 68.2357
15.2504 67.9117
17.5947 68.1204
17.7163 66.0351
17.7642 63.8321
20.4734 63.8781
22.7561 63.6568
20.9378 62.6842
19.4371 62.6519
19.7806 62.9475
19.3764 62.6751
19.2958 62.415
21.8607 61.0091
30.1153 62.3678
39.4704 67.8911
45.3952 71.0954
47.816 71.1301
47.5806 70.3963
46.3739 69.5067
42.9742 66.188
42.0357 62.6463
44.2801 62.4106
44.53 62.0327
45.4311 59.11
50.7101 57.9036
54.3714 59.3476
51.5774 58.5108
46.1545 57.0745
42.5238 54.4849
41.2267 46.0087
37.4284 34.6123
34.7983 26.2967
35.7226 21.9806
35.1736 20.786
34.1124 22.0574
35.2988 23.7623
39.9489 21.9883
43.7675 14.8206
45.2265 8.89268
45.1033 7.9296
47.4645 10.9999
53.1835 19.8546
58.144 29.3433
60.3744 35.1944
60.7956 38.8069
60.827 38.2155
59.0382 40.7109
58.9204 50.9391
60.2437 62.4556
63.9826 73.4452
69.6039 86.2551
69.5895 98.0205
65.2686 103.176
62.6609 104.165
61.3717 104.354
59.4012 104.625
57.2305 105.238
54.9327 105.031
52.903 104.368
52.5656 104.136
52.642 104.086
50.1263 103.738
47.3398 103.531
46.137 104.155
46.3967 104.143
50.6344 101.034
56.0421 94.2844
60.0159 86.0709
63.188 77.8964
64.3288 72.4056
64.1913 68.4177
65.5195 60.6744
66.8675 50.1373
67.1542 42.8658
67.3085 39.8744
66.6654 37.9826
67.4369 38.6022
67.6617 38.9404
61.6757 38.9917
52.2148 38.49
43.9964 32.0232
38.3177 25.3361
35.953 23.61
35.814 22.9637
36.8781 21.6632
38.2282 21.2477
38.7277 21.2148
38.8222 22.3053
39.8505 25.0153
40.0272 27.258
40.1822 25.2369
39.391 21.2762
34.6768 18.0505
31.4588 13.6587
30.2575 10.1196
28.4356 8.55079
25.1601 9.05409
20.67 10.0501
15.9402 11.5232
10.455 13.0285
7.36042 15.6889
7.59742 20.1041
8.03273 22.861
7.98045 25.121
8.65264 27.2566
10.0293 28.0581
10.8796 29.0562
11.2974 29.0846
12.7257 27.5552
13.4639 32.1815
13.0877 43.1916
12.2132 50.3642
11.3443 53.0147
12.761 60.8759
15.4281 69.7716
18.6394 71.8175
21.5938 73.2879
23.3122 75.4524
23.8876 73.9285
23.6348 69.3247
26.4903 66.2666
30.9487 64.0935
34.3352 58.7061
39.3821 51.6776
43.5251 44.4389
46.9554 37.9582
47.705 35.9325
44.0341 37.0615
44.0855 36.3487
50.8488 36.8563
56.9555 42.572
58.6675 45.1127
62.9587 41.4948
73.8595 39.6673
87.3898 41.596
96.003 45.6762
99.8053 49.4162
103.448 51.7738
105.84 53.3015
106.573 55.3677
106.144 58.9022
104.499 59.6476
104.632 58.871
105.8 58.9595
105.209 59.5911
103.172 59.7579
101.041 58.1992
100.381 59.6524
100.937 62.4759
100.203 64.1083
96.0644 70.5688
92.0621 80.6691
91.2807 90.2513
92.4955 98.1738
94.4695 102.635
96.7701 103.909
99.7384 103.302
102.061 103.721
103.932 103.73
105.338 101.104
105.449 99.5072
104.674 98.0348
103.51 94.9208
104.111 93.5436
104.402 93.4543
102.871 92.8852
100.116 92.5006
94.479 91.8894
86.5783 89.6253
81.6109 85.2703
78.7903 82.311
76.8805 81.2256
76.0406 80.4131
74.1657 80.5933
73.8241 80.3078
74.4449 79.7363
73.4649 80.6218
72.3161 81.5867
73.0415 80.631
73.4123 78.3514
69.5675 73.384
63.1388 65.5125
58.8268 56.7329
57.5254 50.244
58.4366 46.3218
59.3449 42.6942
63.9151 40.3965
72.6824 41.5564
79.0248 42.2366
81.065 40.4956
81.6697 40.1755
86.7253 37.6141
94.4913 35.9033
99.0983 36.982
101.801 33.3308
104.147 30.0907
104.811 29.042
103.825 24.6873
102.839 20.6963
102.363 18.4347
102.43 15.6803
102.373 12.8553
102.412 10.0479
102.039 8.58873
100.853 8.12151
100.692 7.08532
99.8781 6.25599
98.6449 5.80961
98.3422 5.53222
97.5501 4.97328
96.8536 4.68269
95.9092 5.73987
93.8243 7.93035
90.8792 8.61548
88.251 9.6436
88.0185 15.1648
87.2417 24.1083
82.9059 32.1026
78.7009 36.4725
76.5795 39.0563
75.5266 40.1164
75.0577 40.4259
74.1431 40.4509
73.3278 39.8114
73.0287 39.3163
73.1475 39.0876
73.7067 39.0521
73.6704 38.9607
71.3189 35.9927
69.1229 32.1922
69.0308 32.1419
69.0691 33.4229
69.2105 33.7596
68.8941 34.0594
68.0639 32.6528
67.3919 26.6014
65.6575 19.4556
62.5335 14.9178
58.2601 13.7416
54.5829 15.7826
53.6617 20.3704
54.6912 25.9098
55.5678 32.6899
54.1295 37.394
51.0623 37.0794
50.0428 35.187
47.8071 34.4219
40.5121 36.7074
33.4903 40.1238
33.6919 41.8219
39.9341 41.8043
46.3855 44.2526
48.6818 47.2396
46.4292 47.6033
41.8859 49.6388
36.0063 58.4064
30.9137 69.4245
29.2119 75.0714
28.7772 78.3925
24.3605 87.0373
19.1356 97.8371
18.8569 102.523
22.3655 103.104
25.6346 102.777
27.6337 102.517
28.3778 102.579
27.8501 100.262
26.1814 95.7712
24.3509 92.2856
23.449 89.1179
25.2092 84.7352
28.6908 80.6757
30.1798 77.9071
30.8399 75.8866
33.9804 71.3464
40.7167 61.5999
47.3506 50.5595
51.1477 43.0841
53.1698 41.3758
52.9554 40.7073
51.5095 38.7796
51.7407 37.2795
53.522 36.4528
55.6866 37.9872
57.1961 39.8157
58.7932 41.6614
59.6866 45.3061
57.1077 44.7997
50.9379 42.8464
46.6335 45.0164
46.1079 46.5664
46.8943 45.9976
49.1807 43.3973
50.8089 41.0413
52.8962 40.2571
62.4478 39.1616
73.2455 36.3415
75.5473 30.8642
76.5905 24.4037
80.6114 18.5109
83.3927 14.3433
83.7967 11.8453
83.4557 11.0108
81.4447 12.4397
77.3796 13.1128
73.3972 14.5236
71.3148 18.4385
71.505 22.6066
70.574 27.4986
65.2753 31.6045
61.178 31.1235
60.2249 29.6795
59.3881 30.6008
59.3008 31.432
59.0044 31.1718
58.5149 28.8242
59.2607 23.7231
60.0257 18.3088
59.3267 14.1627
56.198 10.5114
50.6969 8.32409
48.0113 8.0902
52.1957 8.05843
63.5856 9.94178
74.9387 14.9834
83.4932 19.1306
93.0521 22.213
99.0903 25.0856
101.766 24.4361
101.772 18.9327
98.3745 14.9945
98.5554 14.4035
102.32 13.8193
103.955 11.8913
103.122 8.40064
102.231 6.62447
101.663 6.0062
101.812 5.92322
101.402 7.34721
100.332 8.68005
99.7829 8.90371
99.4555 10.8703
100.169 16.5342
101.199 25.209
101.656 31.1634
101.686 32.9172
101.954 33.6882
102.643 33.5943
102.208 35.823
100.641 38.2841
97.9549 37.5693
95.4968 36.793
95.375 37.3371
95.3383 37.709
94.8739 37.4054
94.6869 36.686
94.1525 36.1439
93.5632 35.697
94.1395 35.2421
94.644 34.585
94.3641 33.5906
93.9717 33.1188
93.0915 33.17
92.5835 33.0565
92.979 32.4513
93.1407 32.2527
92.6588 32.6517
93.3525 32.3851
94.2501 32.1984
94.1215 31.418
94.2333 29.8451
93.1657 28.8604
90.6485 27.6092
89.2467 25.9226
88.2475 25.3818
87.0014 23.504
88.0166 19.4969
88.018 17.8109
87.4526 17.6808
88.2055 17.9751
87.7647 19.729
88.26 25.6521
89.7281 34.1471
90.3469 39.9435
88.1608 43.2182
81.8753 44.3422
72.2107 44.508
62.7483 46.1952
59.974 49.5613
60.7959 50.0531
60.5095 48.9309
59.9888 48.4702
60.0603 43.7991
60.2241 38.9877
58.1829 40.4869
52.2306 41.852
42.7748 41.7921
30.6208 44.828
17.7237 47.2328
10.0656 48.5506
8.01914 49.9722
8.57623 52.9848
11.1325 58.9834
11.9189 63.6702
11.5687 65.3751
14.4868 65.5257
16.9938 62.8516
20.0735 59.2525
25.1337 57.5212
27.5448 54.648
28.6954 51.6763
31.8837 51.1979
36.081 49.4683
36.9045 46.3429
35.584 44.7899
35.5044 44.3498
36.4404 44.4574
36.1665 44.4145
35.0426 44.108
35.5426 45.4329
36.2812 48.1895
37.2556 49.2442
38.5738 47.5543
40.3372 42.4347
44.897 36.7307
50.8743 37.6832
55.1856 38.2789
57.3607 32.4871
59.3274 29.2597
64.3236 27.5662
70.3246 23.7551
73.0535 21.7633
71.0754 20.9028
66.6924 20.0281
63.1524 17.5681
58.865 13.1643
56.0599 9.92499
56.4222 8.6388
59.2519 10.6463
66.6538 18.3361
74.3251 29.4185
79.6383 38.1084
85.9183 44.4097
94.5498 51.1029
101.474 55.6985
104.666 56.2784
105.975 54.8938
106.052 50.1827
104.832 47.3283
102.342 55.9484
101.501 66.1548
102.989 69.4049
104.313 70.0587
101.947 70.7251
98.2116 73.5247
92.5359 78.2621
86.7259 83.2558
85.5657 87.1138
85.5096 91.3001
87.5019 98.1347
90.5607 103.164
91.8351 104.239
91.8351 104.096
88.2606 102.843
81.0473 102.435
76.6105 103.276
75.2975 103.159
73.0663 102.848
69.9902 103.513
64.6909 102.813
58.2482 100.996
54.1784 100.099
52.2224 99.8574
51.3314 100.145
51.5026 98.4979
53.6853 92.3199
55.7238 86.1727
56.3943 84.009
56.5687 83.5376
56.5083 83.268
56.3598 83.2791
55.6566 83.6178
55.1093 83.8908
54.9649 83.9096
54.4375 83.7039
52.3959 83.5466
48.9113 79.1975
42.9779 69.1541
37.2388 61.2551
37.376 58.9671
40.2057 58.4129
41.9248 59.8509
42.4575 61.9288
42.3277 62.3736
42.6568 62.4153
42.5632 62.1331
42.1209 62.2167
42.175 62.02
42.0446 61.7827
41.6792 61.8684
41.3879 61.9888
40.5554 61.9322
41.7134 57.8518
45.8128 54.5439
45.9319 54.3132
42.866 52.7975
41.7858 52.2473
39.0503 48.5683
35.5691 41.6843
33.9091 37.1522
32.6171 34.9488
32.3625 33.8701
32.0014 31.5975
30.4698 29.2461
32.7689 29.6933
41.2492 32.4905
48.2371 34.7192
48.0036 34.4741
47.0799 35.0093
47.9863 36.7594
48.3042 42.7442
47.6965 50.9062
45.9515 54.0553
48.2638 52.0332
53.7485 47.9693
57.0042 43.6448
53.3683 40.2111
47.4113 39.1765
46.8586 38.2577
48.5084 37.1051
48.7129 36.9586
48.1688 37.1717
48.3135 38.3356
52.5212 40.5337
61.7272 38.8992
69.0548 39.7952
72.0236 45.4473
73.2569 51.3284
73.5288 58.5814
73.3492 64.6505
73.8085 67.6798
73.5893 67.8096
74.4583 69.8684
79.7866 73.3245
88.7206 73.1258
97.3912 73.5362
100.481 76.0662
100.488 77.3334
100.896 77.1924
99.5662 71.9062
100.099 65.7465
103.832 65.2261
104.855 64.4418
102.274 58.9903
102.128 52.6443
103.477 48.9185
102.663 47.0137
102.387 45.6522
103.415 45.449
103.799 45.7876
103.114 45.8917
100.568 47.5209
96.3743 50.5337
93.9552 52.6915
90.1384 48.8212
84.0169 40.3631
78.7287 35.7589
74.1527 35.2238
72.0272 38.6243
71.8139 45.7311
69.6902 52.6963
65.4116 56.3561
62.6174 56.9917
62.2128 56.6762
62.722 52.5647
64.0664 44.5455
67.5169 36.507
72.9247 28.958
79.1858 21.6004
82.0424 16.6336
81.9607 15.5647
81.4465 16.0465
79.6594 16.9649
81.1556 14.2524
84.0947 8.17341
84.235 5.80045
82.8672 6.43583
79.1711 11.9606
75.7633 20.4555
71.5619 25.9843
63.405 27.8238
54.8355 27.8953
48.8836 29.8547
42.8851 34.9106
32.1159 41.6125
23.1827 45.6496
20.9394 46.9945
20.1191 47.706
19.3522 47.3178
19.7424 46.9016
20.867 47.0014
22.0342 47.1946
22.7079 47.373
23.8869 49.2952
23.6828 49.6837
22.0361 47.841
21.3758 47.5324
21.2329 47.5016
21.5565 47.4223
21.9666 47.1572
22.2282 47.2926
22.2033 47.4926
22.3124 47.3205
23.0117 47.4924
23.5021 47.7252
23.5934 48.0871
23.695 48.3272
23.5644 48.1543
23.5702 47.5639
27.0789 47.2387
32.3311 47.7241
37.1538 51.4393
41.1781 58.4944
42.7492 62.9714
44.0614 64.5357
45.3878 65.5351
45.591 65.3951
44.1082 65.9541
38.5576 70.3193
31.7463 77.4864
25.6595 85.6933
19.3314 91.1595
16.6591 91.5581
16.9597 91.5982
14.8498 93.2802
10.9561 94.6766
9.38156 95.1524
10.9585 97.6144
12.6928 100.892
12.9794 102.431
13.4831 103.092
18.6182 101.682
25.8382 101.228
28.7718 102.982
31.1382 103.099
34.887 101.323
35.6756 101.104
33.2065 100.561
33.5428 98.4565
31.293 96.336
27.2885 90.5659
30.2816 83.5438
33.8322 80.3938
36.2224 78.8337
39.7814 75.474
41.8779 71.5939
42.8879 70.4809
43.2628 70.6005
43.2466 69.9629
43.0243 69.919
42.6584 70.0422
42.5877 69.773
42.4519 69.4753
42.0177 69.1993
42.4295 69.6936
43.7335 71.9468
43.9821 73.0237
43.3233 72.1421
42.8481 71.9779
42.8604 72.2811
42.5581 71.8373
42.2183 71.1364
41.5865 70.8431
40.9453 70.8236
41.6289 70.8963
43.0612 69.1316
45.2314 64.7031
48.8987 63.0058
51.7664 63.4142
51.2675 60.7324
50.8712 58.1908
51.5273 58.3907
51.7922 58.9943
51.7521 58.7959
51.7925 58.7091
52.2607 58.8016
52.38 58.5757
54.0406 57.2024
55.6159 54.4546
55.1983 52.1721
56.4713 50.8425
62.0092 46.776
70.0112 46.8052
77.0206 53.2048
81.2861 58.6516
83.9247 63.5563
86.0758 66.9207
90.0637 66.3105
96.8852 65.4368
97.2653 63.8014
88.5743 60.3663
81.1462 59.7665
79.0907 59.5664
78.9547 55.8459
76.5576 50.0709
73.2173 42.9008
71.8662 39.9537
70.9087 44.5656
70.0829 49.715
69.0966 52.4644
66.4862 52.547
61.3129 50.092
54.1765 44.4765
48.9901 39.0534
47.8662 38.8397
48.4705 41.1406
50.0095 40.6951
52.8736 38.7822
55.2894 37.4665
57.5975 36.0642
59.0653 33.8167
60.0986 31.8077
61.2616 31.3901
60.7213 31.3661
60.4339 31.5395
60.1758 31.8686
59.6305 31.9455
59.8351 31.2388
60.0164 28.5577
61.7993 24.8781
65.5013 24.1595
67.5217 25.0993
68.8914 22.9218
75.3547 19.6012
83.6448 21.904
87.725 28.2675
90.5672 31.5081
93.3721 28.6837
94.8156 26.0382
95.8664 27.2032
95.5163 29.5904
96.0555 35.6798
97.7832 37.1772
98.5477 34.732
98.5268 37.0351
96.8441 43.5663
96.2279 51.2524
96.0106 56.3609
94.7596 58.5192
94.9961 60.0266
99.2731 62.3157
104.145 63.7801
105.829 65.4998
105.201 67.7323
103.822 70.566
102.93 72.3401
100.079 71.6755
94.7435 74.0024
89.512 80.6665
84.526 87.5855
80.4781 95.3546
79.7881 101.336
79.3495 103.811
76.8603 104.85
74.5953 104.789
73.513 104.017
71.6615 102.943
69.1355 102.514
66.1762 102.385
64.5338 101.813
66.336 98.8195
67.5555 94.948
67.477 92.3841
67.7339 90.392
67.0624 89.4082
66.0637 89.3099
66.2992 90.2941
65.6949 91.4122
64.6759 91.4251
65.5858 90.8346
65.7175 90.8368
65.5898 90.8774
65.6474 90.913
65.5131 90.9979
66.7657 90.3422
68.8071 91.358
70.3625 93.2405
69.2866 92.6589
67.5576 91.0214
67.5633 90.2761
67.27 90.6827
67.3383 91.5095
69.2295 92.1821
69.9187 92.4892
68.9942 92.309
68.5718 92.3438
68.7609 92.3418
68.8107 92.2884
68.2602 92.4927
68.1857 92.4833
68.9877 91.9164
68.4737 89.5555
65.8898 88.4784
64.2051 87.2104
65.2414 82.2733
65.8897 78.7244
64.6083 76.9472
64.7177 75.1755
66.0339 73.6842
65.1816 72.5739
64.3132 71.7737
64.9393 71.3096
64.7387 71.3265
64.4698 71.302
63.9172 68.7713
60.752 66.3025
58.8494 65.3
60.219 63.8266
60.6992 64.259
61.5821 65.0833
64.1349 66.0562
65.5443 67.1599
65.6933 67.1731
65.2474 65.7787
65.1203 62.2087
65.3964 58.3502
65.2926 56.6725
63.9104 53.8327
62.0184 48.5249
60.1918 46.4812
58.7276 46.1001
58.3496 44.3331
57.3421 41.7953
56.7828 38.8001
57.2068 37.0581
56.9767 37.0752
56.191 37.4778
56.3858 37.4751
56.1805 38.3283
55.2368 39.7841
54.7018 40.6078
53.8642 41.4685
52.275 43.665
51.8913 48.4222
52.7864 51.4437
54.4349 52.8889
58.3721 55.8628
59.3246 60.2605
53.4103 66.7735
47.0474 73.7691
43.9808 80.867
44.3287 87.6323
47.274 92.6826
48.9398 95.7309
50.3793 97.968
51.5074 98.9974
51.0455 99.0903
50.1589 99.5787
49.6732 99.7912
49.8369 97.8012
49.0595 95.2254
47.0595 94.6603
46.2542 94.7016
45.1958 94.9528
43.6075 95.4942
43.2219 95.3706
43.1494 94.3698
42.4241 92.649
40.0645 90.0679
36.5821 85.1583
31.2256 78.2489
26.6223 74.8472
24.1745 74.9751
21.9168 74.4117
20.1357 75.9715
19.0851 79.1237
18.6724 80.2472
18.4983 79.4173
22.0291 73.6008
29.314 65.8999
31.3621 63.8438
29.5402 63.7897
29.2416 62.4032
28.2183 62.6152
29.2635 64.5495
35.0918 64.4575
43.8293 64.5591
51.2021 64.3202
54.9409 66.8077
56.5558 71.902
56.1606 73.3671
54.617 72.473
53.093 69.4554
54.6752 67.8639
58.5868 64.8788
62.2208 57.1208
67.9055 48.4305
72.0024 40.8687
74.1723 36.4077
79.0613 38.4536
83.6082 43.3702
86.0427 44.0713
87.6219 43.9988
88.5327 44.9244
88.4121 43.5819
91.5576 45.627
97.9613 50.8038
102.235 52.9165
104.413 54.433
105.437 55.7891
105.793 54.7851
106.038 53.2754
107.2 54.7743
106.618 60.9724
104.815 66.653
104.008 69.3439
102.983 69.0515
101.315 68.1713
98.1614 72.2027
95.4377 79.3819
93.3494 85.5622
92.0139 90.5776
91.8978 94.871
91.1496 96.1543
89.7064 96.5262
88.92 99.0255
88.0322 99.6256
86.3554 97.6927
85.5503 96.7348
85.5878 95.7832
83.1133 96.0456
79.9132 99.9656
79.1101 102.587
78.2963 100.375
76.1386 97.2726
74.7102 94.3668
75.5649 90.7558
75.7521 88.5202
74.459 88.2484
73.5834 88.2363
73.0911 88.0788
72.6907 88.2311
71.7877 88.9575
70.9097 89.5924
71.5638 88.8216
72.1581 88.077
71.8201 88.0857
71.5842 87.564
71.7652 83.1916
72.7851 75.5314
74.5866 71.0943
75.3467 69.5211
76.2734 68.6719
78.3357 68.8988
78.8222 68.776
78.3207 68.4296
78.122 68.3986
77.5842 68.2227
77.5002 67.9421
77.9122 66.7556
78.2073 62.2518
76.2659 57.1036
71.3681 54.3923
67.7901 51.8176
67.0878 49.4464
66.0819 48.7255
65.6286 47.6109
67.3072 46.1406
68.1648 46.2847
68.1639 46.4772
68.2388 45.968
68.0885 45.7462
67.7465 45.8276
67.6011 45.8485
67.652 45.7176
67.5125 45.6477
67.3327 45.4608
67.065 45.3721
66.9033 45.4255
67.4943 46.1033
69.2813 47.5028
70.354 48.2985
69.7623 48.3551
69.3414 48.2191
69.319 48.3613
69.45 48.4646
70.4687 48.2892
70.4527 47.8484
66.653 47.4533
62.1116 49.6708
60.8823 53.5629
62.3642 57.2267
61.7169 58.9085
55.5728 57.7725
47.3642 57.8343
42.3332 58.4597
38.8526 53.1008
30.9017 44.0167
22.0723 35.6314
17.7267 31.3247
14.225 31.3639
11.3194 30.259
10.2668 27.9724
8.63525 27.3497
7.10905 27.5445
6.39926 25.4248
6.45189 23.1171
7.06765 22.3597
6.35947 19.3652
6.37803 15.6458
10.6026 16.2665
17.4971 18.415
26.258 19.3185
34.8776 18.6524
40.469 16.1271
42.4505 15.5136
43.661 18.6011
46.1222 21.1189
46.9139 21.5835
46.4812 21.4637
46.386 21.245
46.3432 21.0692
46.503 20.7904
47.8371 20.979
48.51 19.9789
45.3994 17.342
44.918 18.1142
47.5375 24.5683
50.3118 30.1765
52.3307 31.4153
51.108 32.7657
51.0078 35.4403
50.8482 35.322
50.353 33.4594
51.6794 32.9314
53.0062 32.7271
53.5561 33.6892
55.3007 35.5132
63.4352 40.781
71.6247 46.8039
72.6173 47.1068
71.3555 46.9143
71.0565 49.6304
74.275 51.0129
84.2962 51.6847
95.473 53.2858
101.386 54.8935
103.397 56.0161
103.242 56.0023
102.533 54.6912
102.455 53.201
103.487 51.5885
104.159 49.1056
103.993 47.0691
104.52 46.6879
105.635 49.3851
106.078 55.7996
105.329 62.4905
105.548 65.0004
105.987 65.1632
105.458 65.3625
105.035 65.8801
103.914 65.5221
101.387 66.4643
99.7757 69.3255
100.606 71.6072
102.138 74.9721
104.306 78.3498
104.684 81.5672
103.484 84.8355
103.275 87.521
102.943 89.2886
102.563 90.0196
102.459 90.287
101.878 90.2976
101.648 91.8319
102.137 93.6627
102.644 94.7346
103.078 95.7154
102.027 95.571
100.475 94.6459
100.281 94.2164
100.562 94.5212
101.018 94.9755
101.173 94.6151
100.51 93.3637
99.3667 92.0786
99.2376 93.0381
100.13 98.0108
100.369 102.419
99.8787 103.946
98.4063 104.539
95.6153 105.172
91.2834 104.378
87.8395 102.767
86.2733 103.38
83.7771 104.229
81.4421 103.198
81.0555 102.353
81.9373 102.28
82.279 102.334
79.5713 102.119
77.8568 101.572
80.2769 100.357
81.2357 98.9435
79.9117 97.4887
79.1868 96.3532
79.2105 97.5851
78.844 99.0537
78.8979 98.7025
79.5833 97.9753
78.9857 97.1913
78.567 96.4455
79.6929 96.6072
80.478 96.0643
79.9576 95.2737
79.2531 94.9787
78.8252 94.2677
78.6244 93.9502
78.4373 93.9012
78.5207 93.4122
78.8101 93.3475
79.1107 93.5901
79.3615 93.3744
79.31 93.0621
79.0591 93.1184
78.7504 93.274
78.5575 93.3055
78.5467 93.2376
78.7264 93.1449
78.9061 93.135
79.1023 93.3734
79.6379 93.7691
79.7761 93.9413
79.1528 93.8403
78.6213 93.5285
78.6048 92.9895
78.7562 92.8177
78.7847 93.2663
79.3817 93.8865
81.6417 94.1376
83.6222 93.6372
82.3648 93.1711
79.5057 93.2035
78.0918 92.6944
78.7213 91.5988
79.9863 90.5192
80.8794 90.659
80.8655 91.7475
79.7293 92.0747
78.7813 91.7297
78.5156 91.1807
78.678 90.1628
79.595 89.047
79.5981 88.7529
78.2058 88.2271
77.3335 86.6964
77.9494 85.9255
79.0797 86.5886
78.5863 86.6033
77.6492 86.3899
77.7084 86.6388
78.2169 86.9469
79.2839 87.8961
80.054 88.9113
79.2708 89.4153
77.7864 87.6064
77.7026 84.332
80.2552 84.3149
82.2488 87.7474
82.0165 90.034
81.1733 90.3806
80.3918 90.4858
79.921 90.1661
78.2196 88.5685
76.7954 86.6514
77.0971 85.7015
78.0872 86.1698
78.7671 87.8987
77.987 88.3589
76.9465 87.4893
76.6391 86.7155
76.8291 86.3342
77.2463 86.4781
78.0469 86.7532
78.9205 87.1342
78.6748 87.6868
77.9309 87.8493
77.9772 88.399
77.7419 88.9312
77.498 88.036
77.262 87.0011
77.1558 86.5979
77.4221 86.4762
77.556 86.5945
77.6733 86.6383
77.7244 86.5415
77.7589 86.3121
77.4374 86.1242
77.5547 86.0686
77.7466 85.9469
77.45 85.9494
77.6551 86.0585
77.4211 86.3435
76.9696 86.3381
77.183 85.4537
77.1472 84.4802
77.1942 83.7798
77.1892 83.0821
77.2966 82.6877
76.9972 82.5457
76.8295 82.0728
77.8061 81.1922
78.2707 80.6571
77.2188 81.12
76.1297 81.8934
76.4201 81.9513
76.8574 81.8966
77.2436 81.5852
78.1598 81.6982
77.7317 82.0233
76.049 81.8281
74.3845 82.6518
72.5494 84.2799
70.124 86.5954
68.1548 89.0675
67.5102 91.0451
67.8497 92.8298
68.3606 92.3024
68.9745 88.6673
69.7354 85.2932
71.1153 82.9735
73.1075 81.7243
74.0732 82.2872
74.2697 82.7187
75.0043 84.0222
76.5976 87.2798
77.7222 89.8838
77.8327 90.9849
77.4482 90.9628
77.0858 90.4662
77.0069 90.1907
78.2728 89.1894
80.5587 89.4616
80.316 92.4439
77.3992 94.3966
75.3475 94.6552
74.3545 93.9852
74.0533 93.1841
74.261 92.8454
73.9454 92.3185
72.8362 92.7609
66.7941 91.7833
59.0828 88.2731
54.6316 85.2983
52.0642 82.516
48.641 82.0529
45.3673 83.8441
44.8133 84.2545
44.7909 84.2424
44.8112 84.571
44.9802 85.0518
44.8433 84.6829
44.4081 83.8349
41.7376 83.1097
32.0342 83.4943
23.1833 86.8143
21.4114 88.7601
20.8734 85.3894
20.8295 79.1715
23.5429 69.9705
23.8062 65.5673
21.7311 67.7772
21.7974 69.4088
22.8516 68.4087
28.8217 62.8638
35.1283 55.0672
37.5576 47.1881
40.3106 41.3315
43.0498 38.2129
47.916 37.4648
53.5581 42.3067
59.0979 48.1102
66.502 50.8678
74.9301 51.8028
85.6568 50.6097
96.6264 50.8498
103.173 52.7588
105.502 54.962
105.316 54.9905
104.19 52.0521
103.172 46.5081
102.755 40.5972
103.501 38.2453
102.583 38.2128
101.172 38.2933
100.899 37.6403
100.69 34.2007
101.151 29.4141
101.837 25.9616
102.226 23.8201
102.804 22.9184
102.627 21.4337
101.289 17.8096
101.035 13.4215
101.643 9.91272
100.743 7.22954
99.4503 6.24159
98.7051 5.64555
97.9894 4.64793
98.1573 4.46126
99.397 5.13233
100.328 5.85372
100.549 6.69023
99.8533 6.79592
97.2367 6.9504
94.1218 6.86002
92.9933 5.73321
93.9135 6.1746
95.6746 6.81504
97.0933 6.77138
96.8495 6.3165
95.9623 8.4324
95.9267 13.3344
94.4192 17.1296
91.7873 20.2254
89.5304 23.0926
86.9358 25.5978
86.6102 27.1029
87.3323 27.3775
86.317 27.6816
85.4423 27.2623
83.8916 27.3701
81.6083 27.681
81.1552 27.2301
80.7946 26.5277
80.0492 25.1414
80.2935 24.1499
80.1058 24.2832
79.7405 24.4473
79.6989 24.3773
79.3262 24.5869
79.315 24.3711
79.2049 24.1626
78.419 24.3073
78.2886 23.9633
78.5791 23.5405
78.5684 23.6498
78.6353 23.6182
78.5662 23.4994
78.6864 23.4147
79.0463 23.322
78.7997 23.3796
78.3404 23.3917
78.171 23.3509
78.5202 23.6121
79.2295 23.9859
79.5268 23.4817
79.9241 21.2289
80.663 17.8897
81.2836 15.5048
80.9299 14.8594
80.4487 15.2453
81.0151 15.9732
81.1617 16.4139
80.689 16.4628
80.4399 16.371
80.1494 16.1467
79.6353 15.3264
79.2153 13.8761
77.3195 12.2447
73.293 11.4356
71.0216 13.1948
71.8807 14.9871
73.6278 15.9828
75.1536 17.0228
75.2183 17.3855
73.7543 17.7506
73.1018 17.5009
74.66 19.0949
79.2627 20.9756
82.7391 20.0687
84.4497 20.5236
87.1916 21.0701
87.9558 21.2219
87.8885 22.828
86.7574 23.892
83.0571 27.379
80.8212 32.1617
80.4764 34.7845
82.483 35.0882
86.684 29.995
88.2926 23.3716
86.7856 20.6996
85.5542 23.1241
85.1253 30.3131
82.5515 40.5533
80.1278 50.5773
78.925 57.0056
77.7969 60.4294
77.8602 61.3299
77.1315 61.0006
76.5993 60.6744
76.5885 59.8952
72.0835 56.2277
65.821 51.5531
62.5479 49.8143
61.0886 49.477
60.4109 49.3168
59.9315 49.4959
59.5774 49.8445
59.3396 50.0581
59.7537 48.8442
60.5776 46.96
60.5081 45.9807
59.7185 44.4881
58.846 40.868
58.3378 36.7346
58.4753 34.5631
58.0913 33.7328
57.5914 32.9935
56.4623 33.281
54.0687 37.8331
52.8382 45.0075
52.104 52.1528
51.2049 60.0779
50.7522 65.7448
53.096 67.4959
57.8689 70.2896
59.8377 69.6059
58.9024 64.8966
58.9341 62.7468
59.8881 61.7498
59.5435 61.0284
60.1298 58.2643
61.7187 55.114
63.5572 53.7416
63.7696 53.0081
63.303 52.5186
63.1685 52.2479
62.1307 52.218
61.8556 52.1356
61.4283 51.8744
60.9856 51.6116
60.8605 51.4354
61.6365 51.3673
62.4055 51.1682
61.5435 50.9997
61.416 51.1377
61.9836 51.1189
61.2513 50.7622
62.9591 49.1844
70.6336 49.874
77.9714 53.0083
82.2144 56.4806
87.2839 61.8673
91.1698 64.5594
92.0718 65.1901
92.3153 66.5378
92.343 66.5188
90.1626 62.7999
85.6598 59.4831
82.4288 57.0856
81.3593 53.4338
79.898 52.5351
79.4061 52.6507
79.5324 52.3569
78.712 51.7937
76.1526 50.7514
70.9923 50.7562
65.1376 51.7143
61.4495 52.9859
58.851 54.0349
55.4796 49.3974
54.1011 44.5345
52.989 41.9501
50.2938 38.6456
50.3408 37.9778
57.4021 37.0707
69.0804 39.7728
78.9077 45.5341
86.2382 47.425
94.0197 46.923
101.824 46.6907
104.504 45.2319
102.915 41.4203
102.295 38.6925
102.442 38.4591
101.436 38.3557
101.209 40.0286
103.134 47.6532
103.268 56.4082
102.609 58.2996
103.32 56.2176
101.598 59.1225
101.408 64.5691
104.828 64.6048
106.62 62.3993
106.689 61.6655
106.667 62.2293
106.548 62.9818
105.941 58.3353
104.727 50.6938
103.127 46.3195
100.008 44.2617
96.5574 45.5323
95.9027 48.8932
95.9567 50.0383
95.3412 49.8885
95.1845 50.0093
96.9698 50.6217
100.805 51.9173
101.227 50.9114
94.9712 45
88.2359 40.3125
84.2319 38.9804
78.7768 36.0676
74.0721 32.8242
73.69 32.5143
74.9203 35.0562
74.4032 40.3932
73.5227 46.9887
72.6859 51.8765
67.834 56.6612
59.8278 61.2945
52.6857 62.4545
45.7677 58.8843
36.1905 53.3449
25.4254 46.3446
19.3017 37.5739
19.1805 31.521
21.2729 30.8935
20.0367 36.6445
16.5484 44.3621
14.6608 48.9855
13.4207 52.29
12.3939 56.5059
10.7042 60.8958
10.8372 64.7066
12.945 68.0949
13.4937 68.5316
12.8853 71.223
12.3329 81.9401
13.8009 89.0226
15.5695 87.3594
15.1046 84.7372
17.2537 82.5296
21.7445 80.7941
25.8837 78.7747
28.8654 76.6558
31.5185 76.6009
32.3875 75.1734
31.239 72.4896
31.5725 72.1635
31.8906 72.6731
31.5499 72.4282
31.5814 72.0896
31.4021 71.8285
30.7591 71.5341
30.65 71.3884
30.9169 71.3201
30.802 71.3157
30.402 71.334
31.0583 71.4806
33.5182 70.0107
36.615 66.5221
37.923 63.5006
39.5205 62.797
42.1533 62.5324
41.6832 60.4079
39.9487 59.0389
40.288 59.9502
40.7387 60.996
40.7355 61.0316
40.5044 60.8113
40.1106 60.6986
40.4927 58.7923
41.8166 53.9879
45.408 50.7553
47.1812 50.0495
45.842 49.2663
44.6319 48.7868
43.8925 48.6512
43.7149 48.3686
43.8456 48.2605
44.3185 48.3424
44.2334 48.1363
45.0269 47.413
50.1592 47.361
56.8842 51.5348
61.0719 56.6447
62.5937 58.6198
62.6712 59.766
63.7674 60.2604
64.881 58.7709
65.5089 58.1625
66.3088 58.5913
67.6335 56.6126
68.0046 53.7974
64.8276 54.6143
61.4288 58.136
64.0971 57.0343
69.1751 48.5864
71.5087 40.5529
74.861 34.3968
81.0196 25.0109
88.5143 19.1282
95.5818 20.9142
100.593 25.4003
102.459 30.5891
102.899 34.8669
103.993 36.8072
104.1 38.3699
103.543 39.5668
104.732 38.8124
104.79 38.9359
103.136 40.1893
102.724 40.2077
103.671 39.3723
104.144 38.8471
104.706 39.3949
105.746 40.8638
105.444 42.2306
105.348 42.1551
104.97 41.0824
104.637 40.1025
104.785 40.2471
103.81 40.3917
102.108 40.6603
100.501 41.6515
100.535 42.6218
101.388 43.9731
101.357 44.9283
100.915 45.3465
100.992 47.1877
101.899 49.7748
101.964 52.4415
101.552 54.0973
102.085 54.2773
102.827 54.3313
102.886 55.5395
102.826 57.6096
103.287 60.0874
103.892 62.1535
104.079 62.6464
102.984 62.2574
102.72 65.0702
103.101 70.6698
102.578 71.1829
100.478 69.2444
95.1567 70.6961
90.7783 75.7125
89.1339 83.5287
86.8372 92.6836
85.1627 99.9446
84.0372 103.322
82.1898 104.383
80.1552 104.375
77.5051 103.63
75.5339 103.046
74.7918 102.853
74.5026 103.079
72.6307 103.068
67.8406 102.47
65.0034 102.335
65.26 101.64
64.2164 98.5984
61.386 96.7401
61.4797 95.8734
63.2138 94.4872
63.194 94.1269
62.4739 93.9757
61.8718 94.0258
61.7476 94.2857
60.863 94.4605
60.2429 93.1449
61.4145 92.0291
63.1591 92.4517
62.9867 92.5013
62.0616 91.1421
61.7937 89.5848
61.5103 89.3317
61.2843 89.5039
60.7573 89.5683
60.4189 89.6211
60.4307 89.4151
60.1363 89.3422
60.491 89.2194
60.8583 89.0317
60.3932 89.2261
59.9335 89.3729
60.08 89.2004
60.5572 89.0152
59.7046 89.2317
59.0526 89.3517
60.9084 89.3028
64.3302 90.5796
66.6462 92.414
65.593 92.408
64.2252 90.6234
64.4422 88.6132
62.9211 86.5929
60.6635 84.9577
61.7211 83.9009
63.6749 82.7177
63.0986 81.8705
61.7638 81.0484
61.2656 80.4237
61.1592 80.4027
61.2099 80.482
61.2731 80.5263
61.1216 80.5346
60.9505 80.5492
60.8012 80.4302
60.6872 80.4021
60.6737 80.4422
60.6056 80.446
60.489 80.587
60.545 80.6803
60.6715 80.5667
60.6595 80.3513
59.9865 79.7222
58.8537 78.739
58.9095 78.502
60.0199 78.7505
59.8007 78.4174
60.0521 77.9233
61.7411 78.3077
62.7271 78.8184
62.8496 78.5526
61.749 77.0122
60.3279 75.0278
61.1298 74.8304
63.0723 75.6215
63.7995 76.0603
63.9673 75.2562
62.895 74.0547
62.1372 73.8207
62.4594 73.6963
62.282 73.5305
62.425 73.6109
63.0326 73.864
63.3387 74.468
64.281 75.4277
64.6727 75.6491
63.5223 74.9112
62.837 74.592
62.8362 74.7341
62.4989 74.4977
61.9683 73.2868
62.0804 72.6019
62.4839 73.3404
62.8697 74.1722
62.8807 74.1049
62.4169 73.9635
61.8318 74.3801
61.9217 74.3931
62.4427 74.3752
62.3067 74.3728
61.8651 74.0806
62.0669 73.3372
62.3839 73.0799
62.604 73.9688
62.8052 74.4208
62.2658 74.1105
62.1944 74.0301
61.6766 73.8489
61.375 73.806
62.426 74.7667
62.9511 75.2448
62.539 74.6279
62.05 74.1687
62.1147 73.9351
62.5448 73.5527
