53.5959 47.4113
47.9832 41.5206
38.9707 34.9539
35.2059 32.1257
35.4607 32.2387
36.7905 32.5933
44.7161 31.2048
55.5235 28.8978
59.4237 27.0424
58.0498 21.3206
58.2655 16.664
59.7813 14.2782
60.8626 9.3589
62.4905 7.37106
62.7296 8.2071
65.6886 11.779
73.6573 18.8943
80.4934 26.8262
84.3553 35.6911
88.1911 42.1298
89.5705 45.0611
86.495 46.813
81.9378 50.3735
78.836 57.6611
74.2992 64.2772
66.0134 67.9717
56.9454 69.29
48.1875 66.255
44.8936 63.1201
46.0312 62.6185
46.5214 62.1225
46.8164 62.5607
45.2546 62.4572
48.3499 59.5626
54.3444 57.2982
55.2685 57.1669
55.452 56.2726
56.1703 56.3225
55.7614 57.392
52.0268 58.7326
49.6087 62.433
51.9465 61.8639
56.3968 54.8554
63.3282 45.4425
71.0783 40.4022
74.642 40.7483
74.3437 39.2084
74.0399 38.1413
75.4472 40.8926
79.0095 49.5454
84.2509 59.4487
91.4139 66.0532
99.0036 68.9109
103.42 71.2
103.402 70.5738
96.8572 61.7423
89.9129 51.4976
90.0334 45.6759
88.863 47.3332
81.9966 51.4325
71.8163 52.1509
63.6469 47.721
66.3958 40.1848
72.8073 36.0363
72.5935 34.9937
70.2023 32.0312
68.2517 27.5427
64.3346 24.2964
59.6966 27.9894
56.0103 35.2447
53.7707 35.7699
54.0562 35.4295
55.6318 39.1745
54.9308 47.5462
54.5948 58.6786
54.1309 69.0056
51.2255 76.4253
48.6178 79.1983
46.0539 79.2533
46.9102 80.0084
52.7526 80.431
58.9498 80.9283
62.4279 82.5861
64.3402 85.3882
64.9651 90.2671
65.0718 93.7063
64.3536 93.8982
57.3379 92.136
51.2807 90.0952
49.0938 87.0262
42.3922 82.3584
36.7619 74.9063
33.9382 63.9226
31.0971 51.7938
29.8292 45.7072
29.0022 47.9039
25.6853 53.7486
20.0336 55.1417
14.4704 50.3164
11.2658 48.9783
10.3705 50.104
10.8859 50.8112
17.6948 56.9677
27.5677 66.4188
31.6408 72.8813
29.868 79.4307
25.2331 89.4603
25.809 95.2618
32.6969 93.9695
33.6798 90.984
33.0269 88.16
40.0554 85.0325
48.2515 80.1158
53.6071 75.3217
60.6118 75.585
64.9351 78.0643
59.1123 76.723
55.6794 70.7737
60.5529 61.0292
61.0045 53.9046
52.4308 49.783
45.8958 40.9093
45.5417 30.9692
46.162 26.7975
46.462 26.7292
47.8081 28.9294
52.6974 28.8911
58.561 22.6919
67.9579 18.6031
78.0322 22.2082
83.9693 24.4861
88.2277 26.1265
91.5581 29.2987
94.5142 29.3422
96.4082 28.6239
99.9754 28.495
103.566 29.3961
103.507 31.0485
100.347 35.0513
99.4239 44.1512
101.888 51.535
102.138 53.0509
100.981 55.7129
100.14 62.9664
99.507 72.4881
99.7595 82.0181
100.152 89.4026
99.0807 91.8854
94.2573 90.37
87.8498 93.1125
84.6382 99.4452
83.0773 100.59
82.5579 96.5846
83.2808 93.0577
84.8438 88.0773
85.7433 78.951
85.1219 68.8915
84.6208 59.2091
83.3882 52.6186
81.8099 50.6069
80.816 52.2828
80.1694 55.3909
79.6834 56.9247
78.8386 60.3462
76.7947 67.1942
72.1455 72.1069
64.1256 72.9083
55.607 67.2736
46.3578 61.9183
37.4592 64.7594
31.1391 69.5014
27.9426 71.9138
25.9394 77.0034
20.1953 83.037
15.1038 85.3403
14.0763 86.9738
15.0638 91.8492
14.0705 97.5358
10.9462 99.6654
9.79291 99.8955
12.3438 100.93
11.9982 97.7251
11.7284 86.4417
15.6292 76.2985
20.5905 70.883
27.7013 65.0899
34.0548 55.5292
40.7126 46.1443
51.1722 42.6593
61.7257 42.8517
64.7405 41.1015
64.11 38.9181
63.6743 38.6012
63.7312 39.5713
65.1513 44.8588
66.2238 51.4069
65.4443 53.5835
62.8348 53.964
63.3473 56.4473
72.2486 57.1627
84.2105 57.8287
88.8138 60.5471
87.0675 58.9117
85.3353 54.8815
84.5501 52.621
79.2597 51.5597
70.4548 50.6119
63.1057 46.7703
59.092 39.161
58.3799 35.6035
58.4867 35.7873
53.1855 37.1377
42.9789 41.0075
34.968 41.8141
29.7022 40.5759
28.1692 39.8834
28.3878 36.3608
26.3802 28.6083
20.283 18.1301
17.7616 10.8925
19.8522 9.14994
20.0684 9.1751
22.8035 10.9035
30.6917 17.8316
38.2104 24.8369
41.1539 26.148
41.0921 27.4765
39.7716 31.5678
37.3723 34.078
33.852 35.9574
32.1495 43.1199
33.6744 52.6769
34.1346 58.192
33.8125 58.1603
34.9806 56.9663
35.761 57.0901
32.8587 55.1018
30.6258 52.4734
34.5591 52.3052
42.0235 53.0001
46.9461 53.6149
48.1083 54.6018
48.769 55.4328
48.8972 55.6014
48.3728 55.1698
48.3584 53.9529
49.8036 53.67
49.7754 55.0933
48.9244 54.7458
50.0669 56.0942
50.4568 60.6767
49.6076 62.4772
49.9831 61.6692
51.3778 60.1345
52.1221 59.4517
51.9757 59.9148
52.3597 60.0103
52.8069 59.753
51.9171 60.1796
51.3919 60.032
52.5109 59.3106
51.2788 58.2488
48.1731 55.2519
48.0417 54.0758
49.7005 55.1428
50.8379 55.9964
51.6049 55.0934
52.1385 54.7161
51.8576 56.8387
51.8802 56.8126
51.8788 57.3273
52.1609 58.4294
53.7016 57.834
53.8443 59.2593
53.2755 60.7577
53.5101 60.8671
53.0587 61.9595
52.5069 63.0609
53.4526 61.853
55.5906 57.6742
56.7895 55.8388
55.9669 58.0949
55.7043 58.8043
55.8774 59.4414
54.2354 60.6377
53.0282 59.3748
51.4819 50.727
53.3681 45.5621
57.6531 48.104
58.5992 48.4411
58.6976 47.5857
58.6448 45.9017
58.3804 44.7875
57.9086 44.4978
57.6198 44.4839
57.8453 44.0107
56.0577 42.7478
54.2785 41.4016
53.853 40.8157
52.7046 40.094
51.1366 39.7084
49.1194 39.8925
47.8633 39.1226
47.086 39.1868
47.1652 39.9727
48.101 39.8949
49.3536 40.1185
51.8431 41.4824
55.1147 44.9212
56.9558 48.3551
57.4176 49.769
57.8398 51.1288
57.8121 52.1295
56.5693 51.5004
54.8547 51.6908
54.1575 52.2198
54.449 51.4627
54.1272 51.1199
53.8639 51.0591
54.4356 52.5762
54.1094 54.5489
53.1195 52.7328
53.3054 50.7601
54.7767 52.1798
55.7653 54.4041
54.6515 54.2479
53.3051 52.6988
52.9577 52.5666
52.6428 53.2301
52.876 53.3195
54.0003 54.3582
55.1496 55.8863
55.4298 56.2839
55.4327 56.3545
55.1057 55.9917
54.8197 56.3503
54.9134 57.7888
54.5249 59.7467
54.6521 60.3666
55.3271 59.4527
52.5994 62.911
43.8006 65.9666
39.3073 66.2391
40.9911 68.1774
40.2989 68.3443
39.8259 67.5823
40.3564 67.4882
39.7701 66.9576
40.1909 66.8704
42.6283 67.9151
43.0692 68.3445
39.688 66.6691
36.5191 64.2469
35.4117 62.9663
33.9014 61.0431
32.5086 58.5777
31.9293 58.3868
32.0426 59.1842
34.9305 61.7149
39.6577 65.3847
43.7362 66.685
46.633 66.3121
49.6948 65.0589
53.8177 62.1409
55.5306 60.408
55.4598 59.9935
55.9639 58.692
56.5697 56.7253
57.7061 55.6375
58.9371 55.2863
59.8959 54.0663
59.5853 52.0406
56.4894 51.1757
51.1854 52.7025
46.8655 54.2412
45.144 54.7223
45.8472 54.116
48.5407 50.2138
53.0931 43.3829
56.9957 39.2204
57.6173 38.4414
57.4452 38.5869
57.7791 38.8471
57.8706 39.0435
57.6054 39.3531
59.8062 38.9679
67.8996 40.1044
74.9978 46.4119
77.7835 53.3454
81.1685 59.9228
85.0884 66.7139
86.456 75.011
85.8377 82.5156
82.0447 84.2639
74.5242 86.4115
66.9161 89.4391
59.0344 90.6036
51.2025 91.354
44.6734 90.9186
42.1082 87.5372
41.9362 84.2862
40.8231 83.5947
40.3982 83.2217
40.6465 82.6789
40.4026 82.1284
41.4245 77.153
43.6139 66.2672
45.9754 59.4097
47.9395 58.803
48.7481 58.367
49.572 56.0278
50.2902 49.0102
49.2663 40.552
48.0894 36.2584
48.3175 35.564
48.6946 35.715
48.8556 35.7868
48.9683 35.2992
45.6499 34.598
42.838 38.0341
43.9933 42.3316
41.6259 44.5467
35.509 48.6736
29.6106 53.961
24.8654 58.1437
22.8791 59.5054
23.2058 56.7104
26.8534 47.5698
33.2097 38.0968
36.6687 32.8601
35.6926 27.8607
34.2767 24.5004
37.2203 25.0378
46.3223 29.1512
54.2735 31.7204
56.8961 34.6523
57.7427 42.0728
56.7452 47.8628
55.3212 49.7781
55.4927 49.907
56.239 49.0086
58.5493 44.6775
63.9966 41.6705
70.4509 45.8201
74.9893 52.5745
77.6367 57.8709
76.0417 63.0786
66.8825 69.4327
58.561 76.7707
58.3648 83.3465
59.0678 91.7307
54.6014 100.556
51.0954 103.92
50.5077 104.296
47.7634 102.858
43.4246 95.7275
46.4526 87.3738
51.1409 83.8754
47.4581 84.7386
39.971 89.8938
32.6189 95.1939
26.3896 95.6639
23.1416 95.3976
21.8365 95.2551
21.8094 92.8893
20.0409 93.8474
14.4508 96.5141
12.8164 99.6248
13.221 101.446
14.1309 94.9763
17.8273 82.8281
22.1012 71.2664
26.0315 62.23
31.4709 53.3623
39.0842 44.7293
44.1822 36.0039
46.4021 25.4543
43.7219 16.6706
36.4893 11.6557
30.6079 10.9682
27.5239 11.8016
27.8839 10.2014
31.5123 9.22451
42.0836 12.0586
53.5997 21.1015
57.7935 30.6678
58.7758 37.8385
59.0338 44.2839
59.0066 46.4637
59.506 45.0013
60.1575 43.4733
59.6626 45.0199
59.5691 45.8392
62.7123 43.1232
69.5032 40.5323
79.8139 40.1942
91.7523 40.0684
99.7191 36.9034
99.9277 30.2765
95.2865 23.2237
93.5809 18.14
94.2067 15.3795
93.9237 14.3583
94.8557 13.9252
99.2649 12.356
103.538 11.5941
103.913 9.95968
103.229 6.96128
102.36 5.61564
102.311 4.92447
102.59 4.7644
102.273 4.75927
102.643 8.9023
103.359 19.6379
102.606 29.192
102.057 34.7454
103.282 38.1923
104.402 38.9695
104.911 40.2899
104.838 42.1931
104.2 42.9174
103.481 46.6848
103.456 55.4951
103.822 60.8864
103.647 60.9604
103.057 60.4631
102.344 60.5716
101.262 64.7121
100.821 72.7709
97.8079 79.3922
92.5343 82.8904
89.5237 84.2746
88.2095 85.0607
87.5056 90.3412
86.505 97.9371
85.069 102.573
83.529 104.268
82.2012 102.98
79.6373 102.33
75.2203 102.658
72.1709 101.719
72.0457 101.077
72.5689 101.106
69.2362 101.78
64.3524 102.218
62.4512 98.558
57.4112 94.8311
48.3952 95.4877
42.3724 95.0488
39.2698 94.8839
37.2278 96.051
36.6112 95.9675
36.7395 95.5764
37.84 94.5532
38.8237 91.0764
39.7816 85.4844
41.4201 81.2721
41.5715 80.2245
40.9299 80.5416
40.7487 80.5671
40.7859 80.45
41.3607 79.0097
40.7201 73.0906
38.9776 63.038
39.1758 55.4795
39.9389 53.132
39.1884 53.2459
39.7954 52.7988
39.6781 52.9176
38.3297 53.3834
39.6243 47.9818
38.919 36.3273
35.7467 26.2862
30.647 20.2821
25.0495 15.8074
22.8393 13.3062
22.3656 16.7862
25.8413 26.8171
32.1721 34.2998
37.9913 36.9304
42.9584 37.2256
48.017 37.9098
54.0399 42.2702
60.2074 48.4686
62.5549 54.0796
60.9938 62.9369
60.1396 73.1108
59.8461 79.9895
59.603 89.9832
60.2314 100.062
61.6029 103.282
63.1726 103.27
66.6663 103.437
70.0791 103.472
73.9759 102.818
78.6253 102.034
81.3113 101.125
85.4888 99.7078
92.3691 99.809
98.973 100.99
102.397 102.345
104.09 102.075
105.43 100.979
105.993 101.214
105.932 101.069
105.477 101.273
104.983 101.544
105.109 100.663
105.676 100.339
105.782 99.4082
105.194 97.4379
104.611 96.4943
103.618 96.4819
102.478 96.0793
102.702 91.9768
103.253 87.7729
103.871 84.8325
104.881 83.1148
105.73 82.9771
105.74 80.8322
105.564 78.2628
105.119 76.5697
104.468 75.404
104.237 74.608
103.584 74.7544
103.032 75.6517
103.277 73.0866
103.783 69.1021
103.565 69.2046
101.715 72.4351
99.3396 74.4996
95.5128 77.1265
90.0808 80.3949
84.2509 79.9839
79.2591 79.2928
77.2677 78.9393
76.9058 77.232
76.0958 75.6569
75.1601 72.0181
75.5198 66.8988
75.8564 63.4505
75.2827 56.3398
72.3735 45.9514
68.0729 38.2366
65.1433 30.9738
64.0187 26.8511
65.6159 25.4117
65.5672 18.7379
63.5212 10.7366
63.0476 7.53676
62.7653 7.48661
62.2494 7.23839
62.306 6.68964
67.4772 7.28809
77.1371 8.26123
83.2818 8.25365
80.0411 7.19952
68.6465 10.5517
59.0202 18.4429
55.8506 24.4672
56.2444 28.9878
56.7778 33.1076
56.9522 37.2934
57.9228 44.7635
56.8725 49.7436
51.0908 50.1229
41.9049 54.2418
30.4302 58.2681
19.1317 56.3056
12.7299 53.726
11.8735 49.7916
13.6428 44.1038
15.0044 41.6379
15.1809 41.098
15.7268 39.0296
16.811 33.3115
18.0236 27.5703
19.3597 24.92
18.9324 24.0952
19.111 24.0241
19.5972 25.1141
14.7696 29.356
9.50499 34.0671
8.27854 35.8914
7.76872 35.543
7.27181 34.2839
7.4699 33.948
7.62847 35.0203
8.34987 34.7547
8.99251 30.1277
9.20688 26.8582
8.62009 27.1883
7.21519 25.7292
7.73446 21.6673
8.35296 20.0994
7.50594 27.3969
7.16145 37.2025
7.56178 42.0061
7.65174 42.6595
7.92333 41.9456
8.86576 43.6248
10.4083 47.5801
10.7894 50.4738
9.50202 54.3525
9.2482 58.8712
9.98307 60.5507
11.0079 63.0627
10.8926 66.5248
10.5205 68.1466
11.3333 69.4819
12.4382 71.0014
13.2664 72.0872
14.0787 72.2799
15.226 71.6643
15.891 71.3759
16.2171 71.1128
16.3921 71.0912
16.4688 70.7723
16.1378 69.9993
15.1398 68.5036
14.221 66.1979
13.0983 64.567
12.1777 64.2031
12.5413 63.577
12.4629 63.1249
12.2536 63.5534
12.7728 63.7114
12.6572 63.4872
12.7 63.6092
14.1135 64.4102
15.5577 67.214
14.9327 71.7588
14.0544 72.4231
14.8858 69.6609
15.6886 67.1996
15.7891 65.3944
16.1073 66.005
16.3201 66.966
16.8849 66.7376
17.3329 67.3915
17.1683 68.0294
16.8558 69.0019
16.2933 70.0827
16.0631 68.1846
15.541 64.9499
15.6154 64.9308
16.1465 68.6229
15.6426 71.434
15.7738 71.4172
16.4958 70.7694
16.1376 70.3886
16.1812 70.3286
15.7784 71.6868
14.8183 73.2431
15.0221 73.6543
15.5602 73.1565
15.7309 71.8155
15.9413 70.0152
16.2399 70.3637
15.13 73.1032
13.7689 74.8992
13.4918 75.6025
12.49 75.9602
11.7025 75.3754
10.9927 75.2753
9.9298 76.2293
10.3362 77.7623
13.207 76.8307
16.3604 73.5434
17.1497 68.723
16.4197 64.0885
16.2046 62.7409
22.8304 63.4324
34.8381 67.668
42.5625 71.392
45.4589 70.9075
46.8992 69.9322
46.9956 69.4292
46.6453 68.4723
45.5514 68.8629
40.8859 69.9322
37.6317 70.0067
38.9388 65.0547
41.1021 56.7171
39.1428 51.5431
34.9511 50.9269
33.7216 48.525
30.4508 42.1402
26.0555 38.5285
24.0053 37.5401
24.1554 36.2912
25.7567 35.4803
28.892 33.9269
37.292 31.2512
46.0604 28.0369
49.8557 24.5113
51.5157 22.2899
50.9801 21.912
51.2997 24.267
55.5046 32.6481
59.4742 39.5623
60.937 39.1882
61.9699 35.1358
66.217 31.6908
76.0841 32.7104
85.0196 34.767
89.2703 39.0564
94.6258 43.7929
101.592 46.5012
105.504 50.1072
105.192 54.579
104.13 60.4698
102.785 63.5949
100.151 66.8439
98.6353 73.1582
96.1936 75.9118
90.5378 76.7792
86.6397 79.332
84.6184 81.7499
83.6996 86.8459
85.0049 94.2583
85.9877 100.24
85.9466 103.74
85.3803 104.141
86.4391 104.165
87.7393 104.067
87.1396 103.087
86.9879 102.573
86.8643 100.967
87.4959 98.8511
89.4149 99.178
84.3903 100.678
74.3357 100.767
68.186 99.3912
62.5836 99.0393
56.8673 99.7791
52.9304 100.941
51.2529 101.968
49.741 102.662
43.1725 102.646
36.8662 103.165
35.641 104.209
36.9121 104.797
38.613 104.608
39.1841 103.538
37.6505 103.446
35.8646 102.477
35.2808 100.263
34.7026 99.498
31.7933 101.024
27.5202 102.292
25.9625 101.367
25.1364 100.361
21.8914 100.931
18.5251 101.817
16.6378 101.443
14.91 101.066
12.7567 101.18
11.0908 101
11.0773 99.0977
12.6673 94.6768
13.3863 89.0638
10.962 82.8885
7.20747 78.9728
6.56838 76.7616
8.01766 74.6267
9.25051 74.3048
11.1088 75.5123
13.3543 75.8972
15.7168 73.377
16.4251 71.2098
16.6026 70.7795
17.5587 70.468
17.4578 70.6101
16.3663 70.9758
14.9393 71.0933
15.2179 70.9488
16.3161 70.2835
17.8628 69.5756
22.3048 69.8694
24.5868 71.049
23.7562 71.9464
22.7631 71.0582
22.0526 68.8347
21.988 67.9024
21.9737 68.1778
21.8487 68.5795
24.1068 68.1222
30.8821 69.5449
36.7225 73.8618
36.517 77.8538
35.5875 80.9467
36.923 81.9189
36.8524 81.2589
37.9565 82.7275
44.0085 87.0423
51.3832 91.8592
56.5591 94.642
59.2101 95.0614
59.7137 98.1129
59.2057 102.307
59.1221 103.501
62.388 103.156
64.8265 103.188
66.939 102.752
71.376 101.65
72.9544 100.71
72.6096 100.347
69.9993 98.1904
67.1136 93.4372
66.0934 91.5896
65.5543 92.1581
65.1947 88.0242
67.3303 77.7996
71.1121 68.5348
72.3988 64.6558
70.9955 61.6632
66.0165 54.3335
59.3271 45.2112
55.2813 38.9039
53.8892 36.3873
52.4329 35.3719
54.3501 33.5966
57.8287 28.5515
58.2684 22.9771
57.4273 21.7048
57.2298 21.5466
57.3931 16.7246
57.5441 10.0009
58.2018 7.03741
58.081 6.63459
57.3895 6.47052
57.1129 6.73686
54.4223 7.04997
49.2616 6.89012
46.1653 7.40277
42.186 8.79284
38.6948 9.70727
38.0864 11.4391
33.5302 14.3732
23.6169 14.1534
15.2069 11.4975
10.9933 9.98406
8.47865 8.27782
7.95429 8.77407
10.2287 13.988
14.3012 20.2606
15.0737 27.0432
11.0188 33.408
8.50083 36.0936
10.2079 36.2773
12.8346 35.3699
13.2453 36.5374
16.723 44.04
20.6449 56.7417
17.498 68.8543
12.8992 77.8494
10.3845 82.6309
9.37167 83.5547
9.24925 83.4553
9.14625 82.141
8.84266 81.0731
8.4976 80.4909
9.40881 82.1703
12.0067 87.087
14.7373 91.5489
17.1025 92.774
18.7086 92.9968
21.994 91.2654
26.5729 88.2452
28.3791 88.0913
28.3104 88.0071
28.1442 87.2098
28.3581 86.7567
28.6861 86.6041
28.8753 86.5562
29.599 86.1342
28.9511 87.6374
27.0633 89.8125
25.2202 89.7023
22.6377 86.8798
19.9188 84.1089
18.2407 84.2669
17.9712 84.221
17.7971 83.4772
17.3907 82.8776
15.8121 81.4395
14.5822 82.1766
15.8787 84.7383
18.6743 80.8801
23.0348 70.4804
28.7458 61.0874
31.9758 53.2904
33.6032 48.4235
37.9656 45.9602
43.1227 41.5382
45.7881 36.9761
47.3627 30.5194
52.5937 27.1628
59.0145 29.1821
64.8695 34.1492
71.5323 39.4378
75.0006 40.9773
74.8574 42.1312
73.1182 42.1193
72.6058 43.1437
72.9649 48.702
74.2192 57.9754
78.4756 67.8947
80.3063 73.6644
79.295 73.8253
81.0322 71.2479
88.8326 71.5806
99.9144 72.693
104.226 69.0059
103.183 66.6515
103.632 67.4574
105.158 69.191
106.203 72.6092
104.497 79.2619
100.546 87.1108
100.036 90.914
101.846 92.3871
101.634 93.5629
101.677 94.5846
101.666 95.4576
101.753 95.5922
98.5636 93.9062
93.9799 93.9103
92.6232 95.5237
92.0416 93.6157
92.1469 90.3651
91.8336 88.0103
91.1894 85.7067
91.1744 83.206
89.3984 79.076
85.3022 73.8659
81.4771 71.2293
79.6235 70.4625
79.4404 70.2643
79.044 74.0027
79.035 77.9598
79.2251 78.7589
80.8744 82.9098
85.9595 90.4018
90.2713 97.0155
90.1469 101.79
86.0161 101.423
79.5069 95.2448
76.9928 90.1327
76.0247 87.6097
70.4841 85.5655
63.4558 82.0717
55.5043 79.7095
48.5768 81.7733
46.3238 82.7683
48.079 77.514
49.7338 66.8579
49.1995 57.1691
49.0654 50.3528
49.0163 46.586
48.9778 46.4034
52.8583 44.0878
57.6253 35.831
60.4869 23.6121
62.2883 12.4249
62.5861 7.37352
62.9766 6.51649
63.2785 6.36225
61.6413 6.39763
57.0523 7.8439
50.5336 10.4271
45.3483 9.88603
42.2857 8.69101
39.7932 12.8657
38.5416 19.2455
40.5988 25.8297
44.3002 33.9729
45.5557 39.5061
44.3518 42.122
38.591 43.1355
29.4836 42.9068
19.7748 43.9183
11.2325 41.7847
11.2678 37.4592
15.6702 36.231
16.5323 32.5121
19.9553 25.8621
26.6519 24.0724
32.3837 23.3951
35.8985 18.701
36.2057 15.4179
36.9572 16.2112
42.5015 18.0939
51.0103 15.3027
57.1064 9.98787
58.9687 7.11531
58.5089 6.04992
60.7763 10.0692
65.2112 19.9235
65.0644 30.3637
61.9022 38.9442
61.1519 48.3986
61.6074 56.2671
62.4503 57.7769
65.2695 54.2244
69.3241 49.5379
74.7847 49.5801
78.2493 48.9281
75.4881 46.1107
72.1397 46.8179
73.1968 45.8311
75.68 36.5276
76.2034 25.2227
72.6713 19.7675
67.0051 17.8735
64.6785 15.3022
63.9592 11.9809
62.0203 15.2403
60.7146 22.807
59.3866 29.2514
59.8908 36.4953
63.4365 43.0854
66.1135 46.3477
68.2321 47.8799
69.6781 49.6938
70.714 57.3363
72.1551 71.3929
73.6251 81.9285
74.2854 85.745
72.5198 86.6578
68.9875 86.0217
64.4125 89.4482
59.7838 97.4193
57.2626 102.557
56.4477 103.051
51.4284 100.404
44.6938 101.169
42.2629 102.955
38.0097 100.137
31.0188 97.7624
25.551 95.7283
19.1622 92.8135
13.3493 92.7043
12.3813 93.5249
17.43 87.878
22.7146 78.1708
26.3782 70.1483
33.9572 61.734
40.0018 52.4419
42.3983 45.9084
44.4344 43.8826
45.6597 43.6357
46.0456 43.4626
45.0429 43.5769
45.0655 43.4716
45.411 43.385
44.5355 43.4241
44.059 43.3282
43.8733 43.205
43.8137 43.0867
44.2242 43.1106
46.0303 42.9032
47.8642 41.2426
48.7544 40.603
50.3023 40.73
51.387 39.4566
51.2813 39.0522
51.2216 39.2837
50.7937 39.2488
50.4198 39.135
50.286 39.0167
50.3786 38.1239
50.8274 33.6652
49.7693 26.5646
44.1409 24.7082
39.3175 25.3703
43.3824 23.518
55.83 25.1747
66.506 26.2816
69.3878 23.9424
71.5756 28.7307
78.1368 38.6138
82.5628 45.251
85.5587 52.6462
89.7554 63.9105
89.5458 74.874
83.8339 81.8975
77.294 83.9015
75.4173 83.05
77.3501 84.4501
80.6937 91.3459
83.0648 99.4901
84.6819 103.343
85.5239 104.158
88.1615 103.875
94.9936 103.312
99.6949 103.828
101.998 101.933
104.325 96.8377
104.594 92.9416
101.519 90.7519
98.7996 90.1095
97.6981 90.057
97.3611 90.7339
99.6262 89.5479
100.512 86.1303
102.012 82.5378
104.568 79.6027
104.639 76.8163
104.025 74.4364
103.209 74.1302
102.945 73.78
102.867 70.8251
100.633 70.1651
98.0888 70.0519
100.639 67.6428
103.22 66.8572
103.382 65.9143
105.191 65.6427
106.016 66.2482
103.96 66.9127
99.481 68.5082
95.443 69.5835
93.6866 70.8123
93.7719 71.7828
93.3259 71.9033
92.9319 72.0027
93.7664 70.8182
94.1698 70.0821
93.2301 71.2932
89.0623 74.1811
80.9475 72.9905
71.8745 66.0951
63.6662 59.7956
59.5101 56.7173
59.531 55.001
60.2921 53.8239
59.1604 55.8599
55.1954 59.6337
51.9031 61.2615
51.2692 61.7128
53.466 61.0902
55.0583 57.2322
53.1302 50.753
49.7424 41.5149
52.4723 31.24
62.5727 26.182
70.3517 27.2971
71.7266 28.2131
71.3453 28.0377
71.7346 28.7948
71.4896 26.9212
69.0422 23.3598
62.5874 23.7112
53.945 29.5477
47.936 36.3098
42.3911 41.7981
31.1848 43.5851
20.776 38.5104
16.8572 33.5195
16.5152 33.5619
20.8826 35.7512
24.4418 36.8975
22.7591 42.8171
24.2293 51.8424
25.7743 58.3487
27.3321 62.2584
33.1266 58.5966
38.2185 54.4701
43.7062 50.063
48.5706 44.2248
50.5976 40.8896
51.314 38.4314
53.4465 40.6817
55.6785 48.3438
56.7975 53.7378
57.3881 54.7006
56.6457 56.5438
58.8872 58.4615
64.3986 61.0425
66.6096 59.0973
63.6054 50.6128
62.6616 44.3385
67.5313 39.4325
76.605 31.7831
85.2473 26.1226
87.5088 24.5611
86.4984 23.7012
85.7414 23.9695
87.1383 23.0407
93.3791 17.7419
99.519 11.9945
100.123 8.53626
99.7871 6.30543
100.873 5.64692
101.491 5.78659
102.127 5.98926
103.024 6.03714
102.692 5.68579
101.152 5.18957
101.313 4.83364
101.394 4.70122
99.2764 4.6944
98.8508 4.66151
99.5313 4.71063
100.511 4.58279
101.463 4.54741
100.169 5.2637
99.7966 5.42271
97.3792 5.71378
93.3427 5.9828
92.2898 5.1498
90.0047 6.7824
86.0263 9.59614
80.9917 12.5564
72.511 11.8903
66.0607 7.40988
64.1352 6.19589
63.4667 6.44456
62.3269 6.79459
62.0904 8.39442
65.4619 12.2514
67.7625 17.6231
66.712 23.9674
65.0355 31.6803
59.2988 36.5194
50.3703 39.6251
44.8714 43.6629
43.1247 47.6285
42.4583 50.0741
41.5789 50.1872
41.2069 51.6349
38.0286 56.9172
30.0685 66.3037
20.1831 76.6365
12.1605 81.9548
9.08251 84.3365
9.56647 86.739
11.7495 90.3422
11.6907 94.0515
9.20909 91.049
9.33544 79.8436
10.9613 68.3229
9.85186 62.9011
8.27179 61.031
8.52307 61.1138
8.26361 60.7214
7.97365 57.2921
9.10127 54.6689
9.3939 54.0073
7.8465 52.3472
8.33765 48.6258
10.5057 45.4965
11.326 45.2173
11.1287 45.5665
10.1954 45.243
8.72104 41.4388
7.84086 36.3131
7.50833 32.6003
8.3872 28.9461
9.89882 27.4758
10.5592 27.5714
11.3453 27.0405
11.3797 25.0982
10.3331 22.5769
9.75629 20.5739
8.51285 16.8044
7.30049 11.8987
6.69357 10.0981
7.07178 10.9019
8.43841 11.6447
9.5201 9.94729
9.33519 8.04501
10.9966 8.29297
17.0981 9.2396
22.2348 9.02651
24.7068 7.44675
28.5572 9.85479
32.9769 16.4705
34.533 25.8792
35.2791 37.0627
36.5528 45.0117
37.3915 47.8321
37.1704 49.3078
37.2717 50.5797
37.903 50.1635
38.5106 48.5414
40.8747 45.9336
47.6848 45.5473
55.9359 46.9658
60.3021 47.9814
61.2059 48.3
59.348 49.6574
53.2941 54.4737
46.8718 60.9082
45.8164 69.2806
48.3223 80.7776
50.3125 90.7401
51.8328 92.7696
55.4393 93.8974
58.464 99.9829
59.1545 103.142
61.3332 102.591
65.3314 101.99
69.4835 101.399
72.3162 101.547
71.1387 97.688
67.1236 91.8029
66.4308 88.6559
70.8316 84.3259
78.5116 76.9864
87.0569 69.6541
93.3954 65.8995
96.2169 63.9744
97.3458 63.3726
101.445 67.1839
105.423 71.5076
106.069 69.6642
104.308 63.3354
103.72 58.572
101.829 58.0909
96.4833 55.3777
97.0947 47.1764
101.943 40.9804
104.137 38.5844
103.915 35.1318
102.936 31.5497
102.831 29.5996
102.867 28.9001
102.652 25.5305
102.142 17.9304
101.567 10.5332
101.622 6.45546
101.453 5.59407
99.01 9.47474
95.2291 15.4444
92.7511 19.4026
89.7938 24.1518
85.2893 29.6666
81.8922 36.3366
77.2641 44.9399
70.9956 52.5466
67.3494 56.2841
64.2549 56.5116
58.7536 56.4909
54.2779 56.2045
52.3562 55.6563
51.6321 55.2903
51.9855 55.9904
52.1125 57.9369
51.6128 59.0665
51.7466 58.3932
53.0201 53.212
54.3055 46.1828
59.683 41.0511
65.6544 39.3827
67.2911 35.2611
70.9201 28.6731
77.3969 26.3543
84.3909 26.6089
88.8245 27.789
89.2747 25.8021
89.1856 21.559
88.7616 19.0316
85.4968 18.5202
78.8454 20.2633
72.6696 20.2186
70.7908 17.3686
70.1399 16.2001
68.8939 16.7862
68.6075 16.9764
68.5812 19.1353
68.5354 26.1037
67.8895 33.6639
66.5988 38.5973
63.1276 39.8597
55.8029 38.3331
46.9371 37.2562
40.4761 33.223
36.1926 29.0425
33.4105 25.3161
29.9915 19.2035
26.3525 18.4924
29.2793 25.2164
32.2585 32.4071
32.2858 37.2638
38.053 39.427
43.3256 35.9241
43.5289 33.072
46.1285 33.7072
51.8174 36.07
58.196 38.1831
63.8233 41.0423
66.5174 47.5158
65.0596 56.3033
62.4067 69.0264
60.4232 80.6503
60.015 84.9792
58.7689 84.9637
53.2289 83.3364
47.9846 82.1098
45.8127 83.1704
45.6991 83.7884
47.9171 85.7309
48.7931 92.0343
43.3525 99.5048
38.6681 103.431
36.4651 104.185
32.2151 104.305
28.2733 104.047
24.3542 103.18
21.1055 101.809
18.6896 98.5452
17.0176 93.1583
17.286 85.3274
16.4505 77.0715
15.5756 73.1105
16.7609 72.8496
17.6875 74.5223
21.1855 74.7323
28.1823 73.5229
32.6377 73.9633
29.6272 71.2147
27.8648 63.6257
31.7034 55.7179
35.5268 49.254
41.2874 45.3096
46.7989 42.9914
49.9065 42.4496
54.4264 40.9272
56.6024 37.2104
55.7 36.521
55.6825 37.946
57.5115 42.2547
63.1813 50.0052
70.2397 54.9332
75.0598 56.2412
77.2761 55.3898
82.2576 53.9505
91.1018 52.1114
100.043 51.901
105.316 55.9969
106.166 63.0473
105.214 69.6179
104.029 72.9507
103.607 76.3662
102.489 79.3423
100.92 79.0909
100.89 79.1881
101.453 85.0364
100.427 93.1429
97.7027 98.6528
94.648 101.961
93.618 103.658
94.0833 104.114
93.4068 103.574
92.19 103.211
91.5706 103.617
91.6098 103.647
91.5748 102.815
91.6434 102.135
91.7853 101.096
89.6551 100.484
86.2654 101.632
84.6685 102.975
84.9272 100.769
86.791 96.8412
87.1965 96.232
84.1779 96.4732
78.8536 97.267
72.9881 100.351
70.4103 101.955
70.3287 102.427
71.3149 101.647
71.3221 96.7467
68.7866 90.2995
66.4719 83.3248
65.4917 74.0529
64.0869 62.5434
63.8122 49.8879
64.1319 42.422
62.9057 40.4245
62.711 38.864
67.3807 36.7586
72.6424 34.0021
73.893 31.3188
77.2277 31.233
82.9923 35.3843
87.7392 37.709
90.3671 36.6494
90.8768 36.4873
88.7583 35.2753
80.5174 34.3072
70.9604 36.6578
65.0393 40.6841
61.4445 45.8976
57.2927 48.6902
51.5193 47.2421
45.2912 46.1591
35.2289 44.9217
26.1888 45.1142
23.2084 47.4829
21.9897 47.3848
21.5413 40.9076
21.5798 30.4769
23.2688 21.9081
24.4591 16.8998
24.5187 15.0035
23.6167 13.4332
19.7676 12.7034
16.0719 11.6761
14.4177 9.58522
14.1645 8.4031
12.0746 9.24662
11.7982 10.1399
20.5131 9.61721
31.1281 9.00794
37.2282 8.17447
42.8448 8.68132
48.5844 13.6937
53.8736 21.0065
57.2647 29.0136
57.5405 38.6052
56.1622 43.8272
56.6213 46.9547
61.2478 55.714
67.1948 69.0187
70.2548 83.9967
69.6082 95.7554
68.994 102.044
71.0171 104.157
74.2732 103.981
76.5242 103.654
76.9407 103.282
74.7607 103.367
70.5607 103.976
62.8694 104.128
53.5255 103.162
48.124 102.612
46.4807 103.328
46.8116 103.556
47.7556 103.58
48.7658 103.713
50.1358 103.333
51.8642 102.571
52.5272 102.665
50.2143 102.649
46.5969 102.721
44.696 101.196
42.4688 97.6134
42.3306 92.1855
47.3187 86.7376
50.1529 84.6044
49.2413 83.405
49.2553 83.1244
48.0451 85.011
43.0148 89.9262
36.3605 94.6417
30.7873 96.5947
28.6132 95.3451
24.9623 91.0969
17.0844 86.7257
11.48 86.6557
9.83159 90.956
9.59108 94.3654
9.51637 94.0155
9.92337 87.1346
12.9186 77.6055
16.522 69.2753
20.3607 61.7723
24.0982 55.579
24.9286 50.9306
25.6103 48.0841
27.7145 44.7182
30.3565 40.4594
32.0847 32.3224
32.6035 23.7538
32.9111 17.171
32.6368 11.035
32.5031 8.75851
31.8607 8.57247
28.9884 9.20352
30.7306 9.67737
40.7857 12.4105
51.7633 18.7528
58.4813 25.7617
61.0125 34.9498
61.9874 42.3773
62.4751 46.9222
63.2427 53.0101
64.8939 57.5511
64.9723 58.5983
64.1704 59.9315
65.3956 66.5442
67.6246 78.2551
68.8009 88.5307
69.5506 93.6403
70.5102 95.2246
71.6268 94.5904
73.3604 91.176
78.2151 89.7149
87.2204 95.1703
93.6331 101.672
95.0542 103.812
97.6424 102.802
101.032 101.57
103.549 99.9887
105.255 97.9555
103.785 95.4075
102.216 91.0629
103.178 87.4945
102.992 85.7632
103.08 83.8077
103.949 81.117
103.856 79.0217
103.602 79.7175
103.284 81.6313
103.839 81.6837
104.575 79.8256
104.643 78.8389
103.645 80.1418
102.439 81.4115
100.31 83.8489
95.6014 87.7196
89.4195 89.7281
84.0201 89.3308
79.9755 87.0258
75.6761 82.8951
71.6725 78.5295
68.6829 75.6243
66.2964 74.2611
62.7359 73.7476
60.2848 72.9826
60.6018 72.2573
60.8021 72.1561
60.632 72.3837
60.5537 72.5397
60.4769 72.7787
60.352 72.9957
60.3382 72.8737
60.3438 72.8399
60.331 72.7877
60.2633 73.0194
60.2351 73.3278
60.3111 73.2247
60.3571 72.9219
59.2666 71.46
60.3581 66.4134
63.9311 62.7278
64.1809 63.077
63.0628 63.7389
63.6918 66.0539
63.2664 69.6408
62.2481 71.8767
62.607 72.3883
62.8631 72.3308
60.0315 72.9124
56.4234 70.691
54.6527 66.033
52.5166 63.6788
50.9037 62.6334
51.2569 61.1575
51.8815 59.9115
51.0289 59.874
49.7237 60.8808
49.6282 60.7673
50.053 59.9794
49.7264 60.172
49.0787 60.4138
48.5326 60.5477
48.2458 60.6361
48.203 60.6233
48.284 61.0695
48.5492 61.232
47.0129 63.3916
43.8852 69.4445
39.5651 76.2803
33.2994 81.3691
24.7134 86.1325
16.0127 89.4906
11.8272 89.3405
12.5388 85.1293
16.5899 76.5424
20.6326 70.1379
21.8516 68.5649
20.5526 68.9567
19.7751 69.3948
19.3787 69.7103
19.6277 69.5146
20.5271 68.8836
20.378 68.5973
19.4885 65.3645
22.7983 59.9926
31.0463 58.4663
34.6642 59.8724
34.3042 61.0408
34.8059 61.7694
35.4427 61.1113
36.1636 59.597
37.4971 58.6214
39.1716 58.0204
38.5082 57.7766
36.847 57.975
37.1056 57.9061
38.2355 57.7191
38.6684 57.6517
38.3615 57.6622
37.8107 57.7192
38.1045 57.6824
38.8095 57.6866
38.9635 58.0328
39.911 58.0941
40.7313 57.9534
40.4907 58.0088
39.4032 57.6929
38.826 56.9944
39.7724 56.8272
40.7895 56.9987
41.1384 57.1716
40.6456 57.7866
39.945 58.2615
40.0884 58.28
40.7055 58.2729
40.9528 58.3257
40.5663 58.3524
40.1572 58.3163
39.9984 58.3303
40.2617 58.2905
40.7802 58.0455
40.7191 57.9739
40.5299 57.9296
40.1849 58.0231
40.2594 58.1512
40.7189 58.0059
40.7189 57.9331
40.7023 57.9188
40.7023 57.9654
40.7557 57.9774
40.6309 58.1722
40.7102 58.0826
40.9281 57.8095
40.7656 57.9807
40.4602 58.0124
39.0003 57.4855
37.7214 55.6214
38.172 51.9876
39.4826 49.8752
40.1741 51.3738
39.4988 52.0373
37.9982 50.813
36.6783 50.1469
36.956 49.8494
38.7163 49.5296
38.9601 49.4204
37.0428 49.7247
37.205 50.7767
39.0651 52.287
39.7825 52.8159
39.355 52.6611
38.2243 52.424
37.6788 51.6182
38.5718 49.5111
40.4049 46.0831
44.7666 45.3961
47.0449 49.1913
44.9579 51.7199
43.3797 51.2956
43.5992 51.7222
44.5106 53.333
44.8 54.7285
44.7256 55.2699
44.6513 55.2296
44.6828 55.0865
44.14 54.8381
43.8476 54.675
43.5764 54.6022
43.6292 53.9796
46.7439 50.9018
53.6945 49.2743
61.0531 52.6057
66.8782 57.4604
72.3168 64.1262
78.3743 71.7945
85.3373 77.2761
91.6364 81.4747
95.5933 85.0335
97.4135 88.4956
96.6392 93.827
93.6867 100.915
93.7649 104.44
99.0566 101.837
102.254 98.8469
98.712 96.0569
97.3601 93.3486
99.2075 93.2479
98.9518 94.7701
98.8906 95.7608
99.2071 95.5189
99.3112 93.9762
100.192 89.9065
100.151 86.4051
97.9593 85.5787
91.9818 82.4507
85.9104 75.317
85.1647 69.1784
86.2834 65.2239
84.8085 62.2443
82.5993 60.8635
82.3095 60.5375
82.1314 60.4285
81.7772 60.5116
81.6517 60.5116
81.5159 60.5362
81.4828 60.5577
81.5697 60.4832
81.5385 60.5832
81.4929 60.655
82.0049 60.6137
81.6937 60.5174
78.3587 59.0775
73.559 56.6159
70.1829 54.6688
68.7205 52.8233
67.4922 51.7335
66.6593 51.5578
67.0502 51.3802
67.2396 51.5189
66.9611 51.8047
66.8408 51.8443
66.7387 51.7738
66.4174 50.9705
66.6077 49.6476
67.3596 49.0168
67.5348 48.9799
67.34 48.9544
67.2489 49.0048
67.0131 49.1503
66.9476 49.0292
67.1932 48.7061
67.1619 48.5811
66.3748 48.2508
63.1066 49.1528
60.6799 53.5848
61.5219 60.9684
57.8358 66.9571
49.7861 65.0631
44.9498 55.6233
44.8795 47.2351
49.5143 39.5665
56.6965 31.8829
60.3927 26.6751
60.8316 21.1283
60.4237 16.751
59.3616 15.6255
63.5589 18.3496
70.9823 25.5784
75.3046 32.6045
78.9814 38.57
82.2543 44.3907
83.6323 46.1987
82.5556 47.7945
78.7922 54.2685
75.0548 64.0514
70.7178 74.5314
64.8031 82.6401
60.5214 86.0696
58.9304 86.3671
58.7871 85.5961
61.5933 84.6541
64.4611 84.0082
67.4048 81.4205
70.5761 74.8864
69.9925 65.517
70.4495 58.6793
72.4022 57.326
68.6627 54.3665
60.4385 50.8038
55.5316 49.6652
54.0274 49.3895
54.5439 51.4079
54.337 54.6163
51.4749 54.3172
50.0856 47.8687
44.7979 41.2749
36.0422 35.8598
31.9984 30.6925
31.0821 28.9432
31.5893 29.3315
35.9038 29.0987
39.6828 26.2117
41.4137 23.6784
41.9679 23.2243
41.2986 22.5607
42.2844 20.9898
48.1858 19.9843
56.978 23.9598
61.9899 25.3639
63.1494 18.614
66.1162 12.6834
68.3112 9.5893
67.5436 6.79957
73.551 6.19245
84.7481 7.68315
92.2429 11.7982
95.7225 19.7284
96.7864 30.2481
98.2463 41.125
101.204 49.8473
102.565 55.3971
102.883 57.7142
103.66 58.5445
104.943 59.4376
104.568 63.642
103.579 66.7793
100.453 64.07
95.4024 64.7418
91.1559 70.7474
89.2992 77.2842
87.1746 81.4045
79.233 87.2849
72.0418 96.2025
68.3312 99.3544
61.8783 98.7002
53.6131 100.598
50.5979 102.484
49.1781 100.443
43.1667 95.8629
36.0823 93.629
31.9098 96.6633
32.2403 101.269
33.3053 103.541
29.2799 102.892
23.9498 102.969
21.8783 104.341
20.3398 104.52
17.6249 104.421
15.399 103.8
14.5736 100.959
16.4596 94.5458
18.6644 86.3975
18.3536 79.0206
18.2732 75.0738
15.9545 73.7139
11.3102 73.7721
11.3649 72.4728
18.6543 66.5432
27.0136 58.0489
31.3537 48.1435
31.6845 37.3998
29.4479 30.665
27.9084 27.7032
28.5878 22.382
30.298 14.386
31.4713 9.31503
32.2794 8.56206
32.8192 8.7115
38.8305 12.5105
47.7656 19.0309
53.5327 25.6175
59.3353 34.4096
67.2696 43.9357
76.3706 51.7732
83.1702 56.6226
87.0683 57.5296
89.6249 57.6424
91.6483 59.0716
92.4821 58.1296
91.8926 55.5069
91.9631 55.149
96.6342 56.9291
102.607 59.973
105.315 63.0384
106.2 65.8065
106.399 67.9015
106.24 68.2275
106.248 66.6929
106.255 65.108
106.211 64.3808
106.545 64.0942
104.923 67.8952
102.536 73.7345
102.289 76.0588
103.049 75.8997
101.159 73.9101
95.4336 71.9344
90.2094 73.191
87.2149 75.7532
85.2937 75.5846
83.6464 71.2049
80.5525 63.8092
76.4903 55.5261
72.1 49.6722
64.9917 48.1937
61.8042 50.395
63.1665 55.9133
62.8456 62.4871
60.9016 66.8803
58.4037 69.2313
56.5533 68.8287
55.1777 61.0432
55.0872 50.1993
56.3265 43.2117
61.2909 37.5778
67.5516 33.5974
68.9654 32.4924
69.7046 29.7814
72.1622 27.1823
72.3791 26.7579
69.1824 28.5113
62.1445 33.1571
55.3606 39.7833
53.1645 47.3143
49.0134 51.6393
40.6404 53.2821
31.9235 52.4126
22.3467 49.2035
12.9845 46.032
9.47479 42.0829
12.3364 35.579
14.0265 29.9643
17.54 29.1554
26.5101 33.8675
33.5317 38.2452
37.8795 40.0233
45.7015 44.1127
56.7445 46.2755
69.4446 47.8196
81.1375 52.0455
87.3506 54.6708
89.913 56.2272
94.794 60.66
99.1223 63.972
95.9613 59.541
87.4909 53.6442
77.7078 49.0377
74.3948 42.1791
77.0599 36.6662
78.0379 33.9357
75.9611 29.7799
73.723 22.5813
74.03 19.8659
73.4446 24.1876
71.4516 31.4817
67.2176 37.5237
60.223 39.7429
54.1716 40.45
47.2097 41.579
38.1092 44.1422
32.1566 46.1239
31.4278 44.9406
33.9992 40.0947
37.4069 36.401
37.204 36.3435
36.3554 41.4487
39.9396 49.9195
44.0366 56.7676
48.0673 62.4907
53.4335 67.2988
57.3607 73.5449
61.6108 81.338
63.5365 83.4158
60.65 76.9561
59.5336 72.0521
60.841 70.4402
61.5239 67.4007
60.8562 63.3578
60.1676 60.568
61.4218 59.5272
62.3495 58.8391
61.825 58.4159
61.4061 55.8619
62.8536 52.6267
64.5609 50.9079
64.0848 49.9012
63.3567 49.6773
63.2199 49.6254
62.9551 49.6453
62.5982 49.6396
62.1694 49.6309
61.7873 49.6616
61.8435 49.608
62.1521 49.591
61.2972 49.9709
61.1405 50.0255
62.1317 49.6369
62.9897 50.3151
63.7054 51.5008
63.8494 52.002
64.2475 52.0666
64.3631 51.847
63.2778 52.1775
62.0646 52.694
62.0621 52.7243
61.6348 52.4468
60.9868 52.1427
61.488 52.2852
62.0687 52.3963
63.3157 51.8472
63.4981 50.1151
60.9401 48.1328
58.6632 46.4279
57.9457 45.3697
57.7522 43.2033
63.2848 38.9063
73.8772 40.6987
80.1228 45.5587
80.5932 47.3751
79.7508 50.4427
78.9357 53.2672
78.0931 54.7633
78.4627 54.8076
80.3872 55.8879
78.6744 63.739
73.8599 72.4355
71.704 75.7959
70.7309 77.2387
73.4238 81.3068
79.2911 88.1605
83.5253 94.652
87.618 99.4597
92.8077 102.379
95.6763 103.654
95.7855 103.776
95.7872 102.925
95.8453 101.407
96.8056 101.199
99.5518 100.855
100.502 99.0588
98.1369 95.6697
95.8572 90.736
97.4032 86.8678
101.905 87.0268
104.272 87.8562
103.764 87.4134
99.8913 87.1751
94.6266 86.0007
92.5545 79.5773
93.0405 69.5833
96.7021 63.7271
101.361 62.0837
103.894 61.3106
104.79 60.7416
104.141 60.1066
103.277 57.0909
103.172 53.3008
102.66 51.8944
102.047 52.4901
101.947 53.248
101.355 51.3843
101.269 45.0128
101.994 39.2966
102.794 33.0371
102.266 23.1849
100.813 14.4786
101.415 9.60187
101.961 7.53953
101.38 5.96532
101.555 4.99737
100.719 5.02822
98.6179 5.71841
96.9092 5.76925
95.6199 5.08207
94.354 5.01815
93.8218 5.47877
91.6454 7.47683
86.4548 10.637
82.8705 10.7879
81.5272 10.1355
80.4517 10.7488
80.0002 10.6315
80.0987 10.5969
80.3098 10.6891
81.2642 13.3139
82.4055 17.4717
82.6023 19.6018
81.8296 21.313
80.5932 24.3898
79.1837 27.3198
78.5073 28.7169
78.2921 30.1229
79.1894 33.732
82.398 40.053
84.6446 46.9047
84.2642 50.6089
83.4243 51.7793
82.3315 52.4428
79.7106 49.3397
76.8773 42.5572
73.3887 36.5875
70.9885 31.5243
70.8334 30.2308
67.0473 27.7852
59.8331 19.3908
56.0942 12.6249
56.2656 8.75005
56.4925 6.9095
53.1257 8.59401
47.8664 9.05607
44.1442 8.4025
40.4689 9.47144
36.1904 9.99416
36.3126 11.99
42.3548 15.156
49.7134 16.4997
53.5524 16.7763
54.2441 15.841
56.268 15.1095
58.2961 15.6205
55.954 18.1106
52.2903 24.5888
50.4302 32.4822
48.5167 41.2352
48.0838 49.6412
49.7237 50.7755
50.4964 47.5272
52.6783 46.4683
60.9756 48.4844
70.5554 53.4991
77.0822 58.3398
80.8735 60.1117
82.0299 59.6596
81.6352 59.1383
81.419 61.3716
80.6395 67.1501
80.9904 73.6338
85.7371 75.9713
89.8029 70.5791
94.5171 66.6412
101.667 67.8123
105.266 68.5742
105.88 67.8881
104.424 66.0372
100.364 63.6492
97.7887 61.0471
99.3117 57.9474
99.821 55.6593
98.7407 53.934
101.912 52.4875
105.564 52.3648
105.985 57.0184
103.751 67.3935
99.944 74.7726
100.509 76.9669
102.744 78.4426
101.828 79.0774
96.9956 76.8528
89.6253 76.011
83.0253 80.0186
80.3144 88.1115
78.3808 93.6969
73.3606 93.9566
66.1651 96.8086
58.2867 100.355
54.1246 100.672
52.7254 100.142
51.6374 101.465
51.7927 103.529
51.0709 103.113
47.1858 102.122
44.3354 102.813
42.5392 100.768
40.5392 94.5999
37.58 88.5404
32.8663 84.3549
29.7137 82.7821
28.0971 82.5577
27.9295 81.6383
28.9299 80.9857
29.5417 81.857
27.2906 86.4479
24.3219 90.1546
26.9677 85.1236
34.6642 77.4857
41.059 71.8512
47.4998 66.8771
57.5405 66.8699
67.2458 68.9369
73.2319 68.0252
75.1753 65.873
76.2128 64.8572
77.3867 65.1761
77.4128 65.0234
74.6104 64.6581
69.1213 65.5745
66.3464 65.504
64.2427 63.7968
60.0263 60.0925
54.2777 52.4928
47.1046 41.6432
42.7465 31.4235
42.4361 28.1929
41.7172 30.1454
37.3707 31.7271
34.139 29.7913
33.3891 27.2232
31.3105 25.7729
28.9809 21.6468
27.3663 15.6668
25.6185 11.721
23.5868 10.7021
22.5092 9.81013
21.7851 9.39899
18.7134 12.9615
13.7568 13.8913
10.6385 10.4784
9.22938 10.7117
7.80711 12.6156
7.31649 12.5784
7.28375 11.4839
7.15474 11.0035
6.92866 11.7474
8.16511 14.1494
9.74973 16.0741
9.23892 17.3449
9.84493 18.5219
11.8219 18.4494
12.8805 18.2715
13.7253 17.6707
14.4375 17.1146
14.0806 17.727
13.0243 18.2896
12.7317 18.2054
12.8038 18.2152
12.7496 18.2319
12.7354 18.0204
12.2382 18.2377
10.8169 19.7916
10.074 21.0818
9.94398 22.0968
9.74083 23.2982
10.1661 23.5414
10.538 23.0109
10.9702 24.7491
10.0037 29.7954
10.1511 34.4824
11.4904 39.6145
11.3682 42.421
11.2175 42.7823
11.1793 50.4693
10.7126 63.1603
9.96061 70.3123
10.032 72.9458
10.5086 75.268
10.8043 78.6075
10.586 84.9468
11.3419 90.6082
12.9878 94.631
13.0374 97.7305
12.0343 98.4843
12.6187 98.6068
14.2198 98.8649
15.6796 98.4085
16.5234 97.8147
16.5666 97.7938
16.589 97.2019
16.7444 96.0401
16.9883 95.2296
17.3909 94.3855
17.3927 94.4711
16.0734 95.612
15.171 97.2731
15.7288 100.149
15.8705 101.804
14.9567 101.904
14.882 102.007
15.4802 101.977
16.4891 101.796
19.258 101.952
20.8235 100.482
22.3548 97.4957
27.2407 96.3482
32.3122 96.8528
38.7886 95.9793
45.794 93.3591
48.1198 90.7987
49.4821 88.9959
50.7944 88.5437
50.0939 88.9333
48.5265 89.5669
46.5881 90.2069
45.3308 90.618
45.2317 89.2062
44.9283 87.2743
44.2895 86.6836
43.9332 87.0972
43.1158 88.7463
43.5555 91.0244
45.4171 91.6658
46.2967 91.1035
45.5807 91.7689
46.2222 91.8914
45.2037 91.3374
43.9912 89.376
46.9112 84.8379
50.3075 78.4488
55.393 70.2566
60.5434 62.7591
62.7238 57.2315
65.367 51.5438
67.9493 47.6533
68.2065 46.6129
67.9769 45.9118
65.3005 46.097
59.9307 45.1228
56.7163 41.9422
56.3826 39.6635
58.5057 37.4166
62.8523 35.7659
65.7937 34.7219
69.5906 29.1505
76.7375 21.5883
82.7043 18.3243
87.9739 18.2091
91.5181 17.606
90.8047 16.9217
89.6266 16.6418
89.3077 16.4932
88.8364 16.6518
89.0091 16.6712
89.9577 16.8136
93.4115 15.7931
99.6341 13.4633
103.642 12.9879
104.253 13.6043
103.98 13.3846
103.189 12.0886
101.802 11.1699
100.541 9.81264
99.2996 7.35674
99.1813 6.03964
100.391 5.33177
99.0631 5.07027
95.2942 5.36808
93.0412 5.0987
91.0413 4.56258
88.9175 4.76664
88.2465 4.87127
87.0149 5.11359
85.2371 5.77548
83.9813 6.77046
83.1427 7.94658
82.9032 8.03797
83.2192 7.64317
84.4936 7.94757
85.6363 8.53621
85.4705 8.89343
85.2811 8.96713
85.4919 9.01819
86.0965 9.04823
87.4663 8.91966
87.6397 8.96211
86.8286 9.2764
86.5177 9.39295
85.8532 8.90607
85.0901 8.79327
85.3238 10.2653
86.5087 11.7598
87.5083 11.8996
86.9053 12.1514
85.6179 12.5187
85.4871 11.5583
85.4728 10.844
85.0753 10.6519
84.9484 10.0209
85.1362 9.79085
85.1768 10.0209
85.258 10.2727
85.4391 10.3298
85.4617 10.3366
85.5249 10.4043
85.4083 10.6106
86.0438 12.7119
87.7799 16.0809
88.275 19.3735
86.7241 22.802
85.1234 28.574
81.7004 36.6733
78.147 42.0049
77.6434 43.8315
76.5393 43.5306
72.6182 40.1705
66.0753 36.2673
59.3466 34.1496
55.8628 36.583
54.9495 44.2368
53.9953 54.6112
50.2688 66.2823
45.2634 71.59
42.9385 71.3108
43.6994 72.9936
46.381 78.0952
48.322 83.0855
48.0133 83.9044
46.5641 83.7839
45.4644 89.9894
44.7577 98.9943
45.6392 102.43
47.2877 103.199
48.9335 103.434
48.9923 103.111
49.6489 101.773
55.0632 97.7829
62.1616 97.6472
66.3027 101.47
68.3079 102.375
72.6205 100.759
77.5869 100.348
81.8209 100.77
84.58 100.764
84.4367 100.201
83.9494 99.2437
86.976 99.5737
89.5368 99.2378
85.9805 96.6932
80.3837 91.8504
79.4365 86.2225
82.2535 81.6527
87.9219 78.3925
94.9732 77.3128
94.1927 76.4298
89.2694 70.5626
89.4757 61.4851
93.2178 54.9484
96.8127 48.6616
96.588 42.1155
94.5632 38.77
94.6552 36.7672
92.9962 33.8217
90.0626 31.078
91.559 28.1115
94.3804 25.9927
98.5064 24.0733
102.987 22.7582
102.768 22.7413
101.656 23.6064
101.367 24.1406
98.4635 23.8591
93.9101 25.6369
90.5265 28.4744
87.7684 31.3616
86.3737 35.9215
86.1492 40.9391
85.7442 46.5367
84.4411 51.988
83.9693 56.2483
86.0989 61.3055
86.4283 65.2282
84.0236 66.6181
82.2268 64.7981
80.2521 58.2232
77.1305 51.7696
73.7345 50.7183
72.1335 52.862
70.9995 54.4194
63.3665 55.4223
49.9956 55.0967
37.6665 51.0824
31.2529 47.6987
30.6496 46.7506
30.6363 47.9174
29.5778 48.8038
28.9309 47.9808
29.5597 42.6559
31.6424 36.5168
32.9761 35.5237
34.5362 36.2264
35.9542 38.1706
35.6143 39.01
35.2915 38.0935
34.056 37.7829
32.4792 39.333
31.0328 41.5238
30.6898 42.2781
32.5509 42.0465
34.4062 42.6106
34.4826 44.4758
34.8102 45.25
38.8905 44.3232
44.7176 44.2859
47.0439 45.0837
48.3341 44.0292
53.3481 43.275
59.5402 43.4655
59.028 42.2227
50.223 45.0202
44.8434 51.7617
43.9409 56.4687
40.5859 60.8667
33.8495 65.757
23.6731 68.4973
14.7548 70.4299
10.0089 69.2076
8.42154 66.3513
7.96363 65.346
8.29044 61.6291
9.11376 59.5227
9.82966 58.0894
11.1798 51.5676
9.8783 45.6044
6.9279 43.7942
6.77951 40.9107
7.00788 36.0216
6.70746 32.1803
6.98648 30.3366
6.68731 30.4077
6.83628 29.2779
6.76098 24.9647
6.53804 19.9355
6.78945 16.9607
7.16573 15.3163
8.88661 12.1507
8.34672 9.8203
7.05145 9.11355
12.7589 9.64197
22.3426 12.3248
28.221 11.7956
31.7892 12.6439
33.2585 19.9363
33.794 25.672
35.2091 26.4628
35.8058 26.0393
36.4349 25.5901
36.5845 25.519
37.3395 23.925
41.4007 22.8632
45.7278 24.5752
46.8272 25.4894
46.8253 24.2516
46.9652 24.3648
45.574 20.6086
43.3303 13.5348
42.557 9.95271
44.4803 10.5945
51.3373 14.1283
61.1796 18.17
70.0353 21.4319
77.7873 20.9402
87.0301 20.1604
95.3201 21.6319
97.4195 26.7671
95.6718 34.9989
95.9971 43.4551
94.3573 51.2462
88.2848 58.4777
84.9743 61.0878
84.9209 60.6153
84.0054 65.1896
81.3351 71.0557
79.765 73.0315
78.3127 74.5141
76.318 75.7977
75.3475 75.7056
73.2723 76.1393
68.4176 79.0842
63.82 81.6268
62.1232 81.3281
61.8094 79.1438
62.7246 72.728
62.9294 63.0283
62.3319 53.7268
61.0198 49.564
58.8022 52.6766
58.614 59.7833
56.64 67.243
49.8181 76.2351
41.3784 84.118
33.4079 86.5369
27.5946 82.0029
26.3772 74.7067
26.5769 72.5153
26.7709 73.1352
29.2846 69.9572
32.1265 62.9814
33.3136 59.314
32.7877 59.1248
31.8934 59.1027
32.2106 58.8276
31.4645 57.3768
28.787 59.5203
27.2771 63.6116
27.7235 66.0408
30.3863 72.0838
33.4605 79.0944
33.5137 84.1333
33.8492 89.1298
39.1039 92.6772
44.4599 95.1005
46.5018 94.4913
50.6399 87.1852
58.0155 84.0312
63.8515 86.4222
68.1652 84.3154
72.9009 78.6661
77.2935 74.2252
79.0207 71.5642
80.719 68.0019
84.9136 65.018
87.5455 62.9493
87.8266 61.6267
89.8603 62.9453
95.684 65.2224
98.9043 65.7866
93.8464 63.2911
84.5661 60.9683
78.5782 59.9601
77.8439 58.2314
77.8885 57.4265
75.2196 59.7284
72.8822 62.8122
74.2134 62.1797
73.5272 58.4028
68.1035 54.6351
63.9256 52.6121
63.5596 50.471
64.0934 48.8998
64.5801 49.0908
65.7749 45.863
64.8834 36.8893
59.5587 28.5178
55.1161 28.7953
54.7391 36.9345
54.3688 45.4192
52.1111 53.3847
49.9339 62.616
47.4367 71.2777
43.5097 78.8181
40.2843 83.566
37.8572 85.2838
35.4879 85.3492
33.9091 82.8994
33.2958 77.5308
31.6262 69.4511
28.0516 61.2854
22.955 55.4869
16.8604 51.1903
11.2354 47.0425
8.26777 45.1208
7.54502 45.5228
6.80165 46.0163
7.84047 43.8667
9.71875 40.5382
8.92732 40.1301
9.81415 40.4586
16.3832 39.6023
20.1597 38.5284
20.7371 38.8983
26.4743 41.2525
30.7406 42.6865
30.2669 43.5757
31.3266 43.2721
35.686 37.8792
40.1231 29.4557
41.61 25.2462
42.5181 25.8847
43.384 20.7847
41.8454 13.1281
38.9777 10.0917
35.3995 8.65987
32.8992 8.16632
32.7941 8.4702
39.9154 10.3677
50.211 18.6728
54.0955 29.6211
54.4129 36.1847
54.2919 39.0482
54.2423 39.6927
54.3408 39.7946
54.6612 39.7903
54.6404 39.5516
54.9227 38.9623
54.7336 35.7795
55.826 33.47
60.2065 34.3278
66.1814 35.0288
74.64 35.8202
83.4319 38.978
88.5084 42.0658
89.6495 38.3115
88.7691 33.3879
90.493 32.7953
97.3752 30.8811
103.893 29.9581
105.543 32.058
103.995 38.3293
101.179 48.1837
102.129 53.3313
104.247 54.9128
103.676 56.2087
103.543 56.5803
101.614 55.7804
98.3147 55.8233
96.6001 58.7207
93.7991 64.0759
91.2344 70.4987
90.0345 78.6051
88.004 88.4566
85.8725 97.4763
84.4184 102.823
84.4069 104.283
83.2806 104.492
81.3557 104.724
80.3069 103.786
79.5356 102.26
79.3213 101.831
78.7866 101.338
75.8681 100.875
74.2965 100.073
78.1166 98.8062
79.8135 99.2169
73.3822 101.106
66.0713 99.7072
63.5613 92.1013
60.9307 84.4097
57.0787 81.1357
55.5509 79.393
55.1385 78.0331
54.1349 78.3069
53.0918 79.4182
50.622 81.5484
47.5013 85.0587
46.4414 83.7394
46.4418 80.1313
46.2287 78.6228
46.5724 72.5012
46.2747 66.7862
44.943 68.0215
43.9988 74.2853
45.7641 83.2115
49.8062 90.1526
52.6813 94.7888
52.0287 98.3627
52.0421 100.995
53.9768 102.79
54.9998 103.353
54.6426 103.428
53.7446 103.52
54.1486 103.814
53.3606 104.085
49.5692 103.161
46.7089 102.875
46.989 103.909
47.8037 104.27
48.5652 104.35
48.7457 104.519
48.2864 104.4
48.098 103.865
48.5459 102.759
48.9348 102.355
51.4852 103.089
56.8855 103.76
63.988 103.761
69.3549 103.618
71.8494 102.871
74.0779 99.1131
74.8549 93.4214
75.7202 90.5786
78.4894 90.7386
81.3837 89.7933
84.167 87.5712
86.6576 87.6055
85.8501 88.6497
81.0232 87.9133
76.4681 86.5163
75.6033 85.0448
77.2226 81.1309
77.7445 74.5491
76.9621 67.267
74.9038 57.7562
71.6986 45.3468
70.6333 34.9354
71.2035 30.4947
71.6871 28.4682
73.0417 23.2552
76.3119 14.6847
79.1032 8.00678
79.6785 6.27348
79.4559 6.64634
82.8741 6.9204
87.172 7.35548
84.8105 6.93191
78.1086 7.37049
72.642 7.68288
70.3387 6.42735
69.9986 5.62588
69.2157 5.2798
67.5982 6.6261
66.9056 8.86266
66.2951 9.08178
64.6349 10.1482
65.3865 12.4749
67.2993 13.4154
68.8755 14.3924
71.8988 16.2415
72.8462 20.7656
71.5257 25.2797
69.6216 25.0922
70.0964 25.0654
74.5321 28.2043
77.4768 33.604
76.8938 42.4442
74.8017 53.4205
70.7118 63.6153
67.1345 69.16
66.2749 71.1369
66.0132 72.0312
66.1203 71.3424
63.9803 68.6659
60.2597 61.7192
55.9233 55.0997
49.1595 52.7074
42.7363 52.5075
38.5363 54.5052
33.9376 57.4115
29.4152 63.6561
30.4052 71.6974
32.1132 77.7859
30.0396 81.7385
28.1467 82.6966
27.4309 82.9412
24.3999 86.9075
20.9296 94.4709
22.9181 100.417
26.3905 102.9
27.8203 103.266
27.505 103.05
20.4846 100.556
12.1934 96.3977
11.2861 90.2026
13.6195 79.668
12.8368 71.6379
9.49967 69.3463
7.99699 68.8956
7.13431 67.9989
7.14955 65.4456
11.7875 62.0037
16.4822 57.9114
18.7515 55.3522
22.9434 54.5682
29.0286 51.4174
34.4005 44.0254
36.9788 36.9123
37.9192 34.4119
38.2714 34.4551
39.4294 35.0865
40.5658 35.6115
41.4473 34.8636
48.7091 35.0532
58.7804 38.8789
63.052 45.6229
68.786 52.1036
77.5388 55.1108
82.4089 55.1872
83.1081 52.638
83.7955 50.5947
88.3663 48.2429
95.632 45.1223
100.518 44.2669
102.318 43.2357
104.384 43.0594
104.53 43.6577
103.338 43.7999
103.237 45.7068
104.057 49.3871
103.944 56.2631
102.879 62.5115
102.7 64.3131
103.242 63.9463
103.323 62.4856
102.472 61.2808
101.525 61.3535
102.03 64.3393
102.947 68.468
102.922 71.9016
102.472 74.346
102.417 76.7434
102.441 80.4646
100.842 84.9639
99.6595 90.6491
99.7306 96.4436
100.471 100.869
99.9885 103.06
98.3673 103.476
96.4501 103.307
93.5298 103.668
90.5533 103.261
88.5342 101.555
88.7711 100.888
89.7573 101.156
88.2533 102.03
83.0399 101.855
79.7427 101.598
78.9033 101.864
77.6489 101.377
77.3789 100.013
77.2548 98.8232
77.1139 98.7971
77.0962 99.0018
76.398 99.8829
75.2101 99.2266
75.5008 96.6789
78.1018 92.6662
78.9368 84.3609
81.9268 72.5028
87.4074 64.201
91.6069 59.9494
95.5398 57.3319
98.3255 55.7404
100.337 53.7554
100.662 53.2755
100.183 53.4296
95.5677 54.4275
87.3395 57.3622
82.3418 59.8762
79.0404 55.5528
73.5015 45.5332
68.1963 37.2349
67.8728 33.2215
69.0366 31.6405
68.6893 30.439
68.4094 30.8652
67.3739 32.8706
65.2782 34.7186
63.7304 35.4272
62.9171 36.1495
61.4145 36.3726
60.64 35.4081
59.7118 36.0083
58.013 37.7549
57.571 39.034
57.966 38.7539
61.3496 34.195
68.8411 29.1556
75.8973 25.7604
80.1412 20.6723
81.3417 17.2544
83.3238 14.1034
86.8125 9.67905
89.218 7.44062
89.8085 6.14986
89.822 5.24301
90.2662 5.12865
93.3045 5.6407
96.3195 5.88838
94.8995 4.95974
93.6376 4.39033
94.5608 6.25417
92.8125 8.64678
86.0642 7.76213
80.4586 5.68896
78.7832 6.13079
76.1577 7.51343
74.3744 10.6833
75.4166 16.8503
76.3575 24.0119
72.5645 29.9468
65.5375 32.573
61.2447 32.6143
59.8736 33.9575
59.402 34.7295
56.0989 31.578
48.9172 28.5595
41.535 27.1972
38.17 24.7381
40.9259 26.8728
46.3407 33.0208
48.8183 37.4603
49.8528 40.889
53.0257 44.8281
59.2508 51.4192
64.8312 58.8285
67.427 63.4369
70.5899 67.8086
71.581 75.0638
70.7804 78.8741
71.1904 79.1635
72.8416 79.4597
76.6903 81.3007
81.1741 87.1315
85.4831 94.4247
89.9783 100.183
94.6236 103.206
97.0365 103.851
97.0978 102.462
96.2905 98.7473
96.0668 95.321
97.8303 92.7873
99.8116 90.4498
100.869 89.6369
101.795 90.4787
101.548 90.9316
101.769 90.7157
102.31 90.9637
102.244 90.7448
102.327 89.9433
101.498 89.4819
99.902 89.7383
97.8812 89.0652
98.126 87.0122
99.4311 85.7495
101.027 85.0848
102.887 83.7716
101.812 83.064
97.4719 84.8436
90.7873 84.1822
85.2757 78.0447
81.7599 74.631
80.6365 74.3503
81.8345 72.5916
81.982 71.2745
80.5044 71.3942
79.7859 69.9101
79.3494 63.9499
79.1341 58.2294
80.8379 52.6779
82.21 44.0848
83.5894 35.5078
84.7901 28.0042
83.651 23.9543
83.0523 26.7802
84.1412 31.0199
83.7098 34.0334
80.0586 39.0868
74.4583 42.638
70.662 42.0892
68.4087 41.0807
66.7066 41.3317
66.5303 41.4832
66.5205 41.4771
66.4164 41.4068
66.3108 41.3749
66.2672 41.519
66.3367 41.6108
67.0958 40.0582
67.6434 37.6273
66.7562 36.5914
65.1113 36.3235
63.4891 35.2506
63.7682 32.8536
64.7824 30.0725
62.8528 26.7353
62.9377 20.0642
69.7358 15.5914
74.7345 14.9386
74.81 14.1067
76.6281 16.7918
81.0486 19.3879
84.9571 19.589
86.4975 26.2495
87.693 35.5553
88.6139 39.2825
87.2132 39.2973
84.5753 38.8124
85.2994 40.1059
87.5045 42.0348
87.207 42.1338
87.0853 41.0827
87.2526 41.2308
87.584 42.1047
89.0942 42.9742
91.318 43.5766
92.6449 43.0097
94.1749 41.0997
95.7518 40.0398
95.3137 39.1962
93.2398 39.0884
91.4678 40.8524
95.4521 43.2174
101.879 46.1912
104.567 48.3741
105.232 50.282
103.279 54.598
99.4857 57.354
95.2867 56.1821
90.9588 55.8085
88.2339 56.9834
84.6477 53.967
77.822 46.6848
69.2649 40.0213
63.5869 35.4506
61.6432 33.4529
60.0478 32.0665
58.2406 31.1499
57.0916 32.1481
57.437 34.4385
57.868 35.7874
57.6454 35.8552
57.3827 35.751
57.2955 35.6461
58.0993 36.5075
60.9285 41.1687
61.5475 48.9156
56.0057 54.8525
45.1828 58.4424
36.1096 62.3854
33.6908 65.7799
32.6798 65.3612
28.983 60.8698
22.296 57.514
14.0097 54.193
8.60576 51.6125
7.64952 51.0729
7.88311 48.9108
7.96823 48.6799
7.91712 51.9108
8.53593 58.679
9.20609 65.3448
9.20588 67.3978
9.26896 66.451
8.94687 65.9866
9.33771 65.4049
12.6063 66.6516
14.5459 73.0585
14.3806 81.2793
15.0958 88.8419
16.3829 92.9799
18.4154 94.2333
17.3029 97.8489
16.2218 100.928
18.3403 101.722
19.631 102.528
19.0932 102.538
17.4139 102.447
16.4554 102.244
15.6899 102.685
16.4815 103.08
20.8728 100.89
27.4099 96.6862
32.7163 96.3843
35.8336 99.4152
37.8596 99.1517
39.7645 99.4754
40.5962 102.337
39.0529 102.605
34.9904 99.009
31.9592 93.7664
37.8337 91.8741
46.1023 91.9911
49.5779 89.4604
56.207 87.0013
67.0206 87.8839
75.0326 90.1265
80.4366 91.0039
84.5696 91.7809
85.2899 94.2668
82.713 97.791
80.8726 100.847
81.108 102.849
81.3555 103.955
81.2808 104.352
80.9787 104.159
80.0983 104.2
79.2187 103.986
77.7302 103.511
74.1686 102.646
73.0339 101.015
75.3815 101.678
78.2857 100.96
79.5256 96.4431
80.2131 92.433
83.8087 90.0331
87.1567 87.7642
88.0262 85.8352
87.4172 85.0682
85.5961 82.6919
86.8964 77.9057
92.5914 74.4279
96.9669 74.6999
99.095 75.591
100.055 75.5792
100.94 76.1891
102.214 76.8357
101.759 76.3778
98.0966 75.0679
93.1264 71.7789
90.0025 65.7587
87.4622 61.6273
83.5111 59.8739
80.8367 57.8788
80.2638 57.0004
80.5408 56.0768
85.2556 54.4711
92.8029 54.0504
98.2606 54.946
100.733 57.8509
102.406 64.496
104.821 68.9456
105.994 69.6629
106.009 66.4184
105.137 57.3962
104.417 51.6546
104.505 49.0304
104.218 45.7923
103.495 40.2302
102.919 33.8569
102.332 30.799
101.809 29.4658
102.12 27.7389
101.634 25.4154
99.0613 24.7715
95.6489 22.806
92.3529 17.7893
90.7232 11.3364
91.2386 6.30067
92.0769 4.78734
91.4415 5.14269
90.7009 6.72783
89.7177 7.13182
88.1896 8.23182
88.4289 10.1197
89.4291 10.4294
89.6378 11.0087
89.4718 11.3004
89.3646 11.4317
89.0661 11.6572
89.2577 11.2156
89.7305 11.8963
88.6612 15.0983
88.2934 18.528
88.2508 19.0768
88.0245 18.8153
87.4938 19.4056
83.6141 15.4961
80.6158 10.7706
79.4745 9.36452
79.6249 7.27145
81.2752 5.99427
80.8559 7.97357
74.922 8.88735
67.6066 7.45277
63.8873 7.23145
60.1398 10.4112
51.724 12.0275
42.8452 10.3304
37.4408 9.58955
35.5922 10.3434
35.6624 11.5823
35.1944 12.1563
35.6142 12.6316
36.1073 12.508
33.0974 12.5916
28.6349 13.2663
30.7366 15.192
35.8857 18.5312
38.1436 24.0153
36.0682 34.5739
29.1799 45.221
24.5127 51.1421
22.6656 53.8715
21.3503 54.1649
20.8474 54.2719
16.9657 55.6103
11.9527 58.298
9.4676 60.9941
9.55423 62.5075
11.5377 63.3596
13.3349 63.8281
14.4868 64.1959
15.1201 64.3108
14.962 64.1964
15.1766 63.808
15.3781 63.3063
14.8924 63.2911
15.9735 64.8571
14.9064 69.7361
11.3034 73.326
10.3994 74.3119
11.0075 77.6897
10.9678 81.3811
12.1732 82.1947
14.1132 81.8645
15.527 81.2956
16.6078 80.9537
16.3151 81.7191
16.1215 81.4995
16.3043 80.0664
16.2809 79.3903
16.0291 81.5359
15.02 86.493
13.6723 88.6139
13.9407 84.1323
13.5936 78.7605
12.8468 75.957
16.1992 75.0693
20.5312 76.6901
20.4297 77.2032
17.6144 75.8459
17.3015 74.048
20.199 72.5757
23.6871 72.1995
26.2495 70.2596
26.8843 66.8556
27.9482 65.6516
28.0533 65.9715
26.4467 65.9203
26.4472 66.2012
27.263 66.7296
27.4924 67.3334
27.4411 67.8938
27.2318 67.737
26.6956 67.3423
26.4702 67.1404
26.3965 66.966
26.1887 66.8754
26.2928 66.6238
28.8806 65.3135
31.9822 58.9686
38.2708 53.17
46.3832 54.988
49.0192 57.6266
48.0089 58.1106
50.8085 59.6278
58.307 59.7689
63.762 56.6005
67.444 50.1615
72.7982 45.331
77.0107 44.1078
78.1184 42.0885
77.8303 40.245
76.1233 39.6001
71.2127 40.1023
66.784 38.8871
65.8936 36.5667
65.3769 36.8081
66.7825 38.5641
69.0406 35.5722
66.1002 26.4831
60.5387 17.9795
55.1615 13.5305
51.2847 11.2423
49.2506 10.175
47.785 8.84134
47.5389 6.93233
46.1875 7.11467
44.4267 8.83555
40.1393 9.17145
35.0707 8.20702
32.5617 8.59581
29.2994 10.4391
28.1022 11.9471
32.3423 11.558
40.8834 10.2429
50.8103 10.8888
55.2818 12.1793
53.6122 12.9409
52.3886 14.3964
54.3261 15.5577
54.1982 16.3326
52.7878 14.8723
56.3274 13.0929
62.7531 16.4208
66.8638 23.8139
67.9372 32.8231
69.4616 42.3535
71.7877 47.537
73.7691 48.3754
74.6173 51.8111
72.7432 57.7005
69.6564 60.0606
69.0526 61.2019
70.0134 62.3635
73.4468 59.8795
80.1058 56.3626
88.0521 58.7008
94.4245 64.8656
97.352 68.2192
98.758 69.1563
99.744 70.319
102.335 72.1384
105.148 70.9378
105.831 64.739
104.899 60.9746
101.878 66.7955
96.6098 75.8457
89.9797 80.7602
84.1947 86.2982
81.7055 94.1911
82.3579 100.397
83.9329 103.567
85.0908 104.246
89.4163 104.142
94.3365 103.675
95.8362 102.315
96.5105 101.318
96.1236 100.44
94.3274 99.9035
89.2852 101.893
80.0726 103.824
72.8848 103.784
71.8421 103.762
73.6588 102.762
72.4813 101.535
67.327 102.006
64.0583 102.471
63.9223 102.426
63.8501 102.813
64.8621 103.07
65.3377 100.846
63.2548 97.9261
59.252 94.7102
53.6192 92.9102
50.3398 94.2187
50.3903 94.7433
53.127 89.8539
55.1702 82.8628
54.8517 80.777
55.1888 81.6441
53.5107 82.2678
51.0991 83.263
50.2656 87.0764
50.2849 91.0349
50.3628 91.836
49.8862 90.5553
44.9307 87.2606
35.3965 85.3373
30.2299 87.9396
29.6172 92.2307
29.1073 94.0574
28.2514 91.4152
22.5861 87.1514
14.3845 88.5094
10.4794 93.2198
9.54771 94.5334
9.55917 92.6684
7.98555 87.7419
7.48757 79.1848
8.35525 72.2519
7.32333 70.7054
6.90641 69.9156
7.79952 68.1158
8.34415 68.3051
9.03398 69.4764
10.913 68.8529
13.6518 67.8453
16.6796 68.2032
17.9519 67.4444
17.3645 64.662
18.8335 63.6098
21.9567 63.9059
22.1605 63.1328
20.285 62.6405
19.7413 62.9224
19.3003 62.7401
19.0038 62.4833
19.8482 61.7444
25.7398 61.1951
35.1925 64.9032
42.6296 69.9506
47.107 71.2021
47.8395 70.9772
47.3378 70.3456
44.5491 67.7934
41.9679 64.0983
43.2324 62.3488
44.3672 62.3306
44.683 61.1696
48.0652 58.0728
53.1132 58.2306
53.5859 59.4186
48.7517 57.6185
44.0025 56.2574
41.9395 51.0613
39.3609 40.3274
35.9151 29.803
35.2 23.5832
35.5625 21.1495
34.5254 21.2463
34.1471 22.996
37.5878 23.6481
42.0846 18.7551
44.5846 11.246
45.3828 8.00111
45.6231 8.59296
50.0976 14.7384
56.3249 24.87
59.3341 32.411
60.7407 37.7546
61.1593 38.8458
59.5601 38.459
59.0855 45.33
59.5208 56.9274
61.4124 67.6229
67.4125 79.4149
70.0447 92.9517
67.3633 101.551
64.0275 103.908
62.1113 104.302
60.2589 104.49
58.2056 104.999
56.2247 105.181
53.6712 104.7
52.434 104.27
52.9945 104.081
51.5194 103.972
48.3822 103.513
46.7808 103.76
45.9842 104.343
48.1383 103.025
53.3783 98.1855
58.2044 90.2759
61.6618 81.7749
64.0211 74.561
64.365 70.5809
64.5901 65.426
66.24 55.1924
67.0513 45.7979
67.356 41.1586
67.3113 38.5828
66.6425 38.0658
68.0155 39.045
65.5446 38.9094
56.8662 39.2952
47.6959 35.7119
40.5791 27.9732
36.9203 24.1952
35.8072 23.4439
36.1943 22.2674
37.7264 21.3927
38.6095 21.1653
38.572 21.6294
39.4932 23.5207
39.9669 26.4764
39.9311 26.8317
40.153 23.0568
37.4028 19.7556
32.7963 15.9946
30.6538 11.652
29.5604 9.13145
27.1322 8.34076
22.8256 9.6171
18.358 10.8346
13.2224 12.3144
8.40144 14.0497
7.20738 17.6395
7.87738 21.7953
8.04796 24.1327
8.11052 26.4978
9.20269 27.6047
10.4969 28.4482
11.0966 29.3959
12.0458 27.9349
13.3779 28.7183
13.3149 37.6831
12.96 47.641
11.7243 51.4726
11.4277 56.2269
13.9583 66.286
17.0526 71.3335
20.2616 72.0057
22.5424 74.6764
23.7464 75.1634
23.3764 71.5485
24.7382 67.6172
29.0447 65.5485
32.3588 61.7491
36.9128 55.2412
41.8728 48.081
45.1132 40.82
48.0892 36.1927
46.1921 36.5762
42.9967 37.1367
46.9819 35.9779
54.2887 39.189
58.0031 44.831
60.392 43.9353
67.5515 39.9122
80.5531 39.713
92.5234 43.6296
98.2338 48.0993
101.74 50.6522
104.85 52.7113
106.313 54.0371
106.577 57.1447
105.264 59.796
104.321 58.9863
105.378 58.7265
105.723 59.4403
104.256 59.9371
102.055 58.9664
100.428 58.4139
100.663 61.286
101.188 63.0863
98.33 66.519
93.584 75.6108
91.2172 85.57
91.7485 94.5287
93.4689 100.848
95.5413 103.551
98.2385 103.806
100.987 103.408
103.149 104.061
104.789 102.509
105.287 99.7965
105.153 98.9117
104.342 96.8143
103.82 94.041
104.314 93.2604
103.577 93.3339
101.787 92.5589
97.9917 92.0484
90.2425 91.1843
83.5289 87.8099
80.1299 83.3579
77.7266 81.5502
76.3245 80.9946
75.3053 80.1456
73.9423 80.4459
74.0364 80.1422
73.8102 80.2518
72.4191 81.5226
73.0045 80.8608
73.7672 79.4212
71.8309 76.5158
66.3773 69.8473
60.6312 61.0317
57.8323 53.004
57.7876 48.0081
58.908 44.7303
60.8579 40.7418
67.9386 40.9281
76.6042 42.5621
80.5949 41.1431
80.8716 40.3662
83.5085 39.0136
91.0067 36.4045
97.1336 36.7021
100.422 35.562
103.299 31.223
104.753 29.8434
104.283 27.3102
103.204 22.3046
102.621 19.618
102.551 17.0676
102.095 14.0991
102.364 11.3873
102.528 9.04082
101.405 8.40675
100.693 7.71551
100.285 6.73338
99.2288 5.83166
98.6211 5.5991
97.9476 5.31159
97.1782 4.84892
96.4916 4.91372
94.9846 6.81929
92.3535 8.57167
89.2756 8.70648
87.8893 11.8431
88.3412 19.5116
85.3533 28.5052
80.3708 34.6761
77.6024 37.9533
75.7978 39.6771
75.2773 40.0988
74.7208 40.4964
73.6901 40.3565
73.0767 39.5328
73.0475 39.1358
73.3543 39.0754
74.0117 39.0929
72.6464 37.8061
69.8914 33.9649
69.0069 31.6915
68.9691 32.8185
69.1736 33.7401
69.2051 33.7685
68.4292 34.0331
67.7287 30.0094
66.6123 22.6412
64.2768 16.9954
60.4326 13.8857
56.4899 14.4672
54.0494 18.0589
53.5808 22.8947
55.1041 28.9349
55.5112 35.7163
52.4308 37.9156
50.0584 35.758
49.6192 34.4834
44.8481 35.5543
36.5351 38.47
32.4163 41.3488
36.402 41.7908
43.5494 42.329
48.2148 45.7691
47.9033 47.9865
44.1332 48.2692
39.1169 53.0861
33.2737 64.1508
29.5669 72.985
29.3238 76.4777
27.0687 81.9937
21.1505 92.7582
18.595 101.054
20.5312 102.961
24.0186 102.935
26.8472 102.685
28.0725 102.66
28.2799 101.739
27.1115 98.147
24.8309 93.6502
23.7856 90.8682
24.1141 87.1595
27.0744 82.5184
29.9123 79.2755
30.3057 76.7892
31.9925 74.2217
36.8812 67.1096
44.2809 55.8126
49.584 46.0005
52.4955 41.8654
53.3929 41.2229
52.0202 39.7281
51.3484 38.0948
52.5775 36.426
54.7207 37.1101
56.3925 39.3092
58.0299 40.1502
59.3997 43.4952
59.1276 45.9127
54.2395 43.3951
48.0627 43.533
46.2085 46.1655
46.3134 46.5497
47.7267 44.8295
50.471 42.1338
51.3005 40.3649
56.9389 40.1185
68.4776 38.2771
75.0711 33.3895
75.8888 27.7233
78.3138 21.3082
82.3692 16.0319
83.5106 12.9851
83.8295 11.2038
82.8828 11.5961
79.4902 12.9457
75.4629 13.592
71.9808 16.1138
71.1402 20.6659
71.5874 24.9594
68.1466 29.89
62.7601 31.811
60.4713 30.3209
59.8299 30.1217
59.3303 30.9262
59.2148 31.3558
58.5154 30.4928
58.6509 26.5588
60.0403 20.7412
59.8466 16.0551
58.25 12.2582
53.5113 9.25266
48.5543 8.03958
48.9792 8.09448
57.1758 8.33972
70.0362 12.3016
79.3561 17.6585
88.2202 20.4625
96.6433 23.6337
100.6 25.625
102.287 21.9933
100.282 16.3992
97.4819 14.5174
100.49 14.2079
103.704 13.187
103.427 10.0799
102.655 7.18759
101.853 6.36319
101.945 5.81719
101.75 6.43777
100.763 8.1726
99.8539 8.90748
99.684 9.57726
99.7015 12.9479
100.55 20.9757
101.656 28.8361
101.687 32.1461
101.757 33.567
102.262 33.5773
102.878 34.3396
101.285 37.1469
99.1841 38.1951
96.8346 37.1899
95.2187 36.989
95.5224 37.6032
95.0076 37.6173
94.7161 36.9979
94.5742 36.4711
93.8278 35.9483
93.6593 35.4759
94.3884 35.0369
94.6044 34.0652
94.3295 33.1468
93.5568 33.0723
92.6556 33.2331
92.7835 32.8182
93.0738 32.3062
92.8866 32.4668
92.7166 32.5187
93.9982 32.1791
94.4376 31.971
94.012 30.8268
94.0075 29.1601
91.9154 28.237
89.7016 26.8296
88.8794 25.6234
87.5434 24.8285
87.4415 21.4464
88.0785 18.2352
87.5729 17.7221
87.8624 17.764
88.1637 18.4802
87.7703 22.1371
88.9363 29.9284
90.1887 37.356
89.5604 41.8359
85.7789 43.8071
77.3713 44.6323
66.9698 45.3392
60.5887 47.9623
60.1737 50.0105
60.7652 49.2834
60.3674 49.4132
59.96 46.3028
59.8106 40.5177
60.0263 39.5139
55.8427 41.5399
47.5469 41.6115
37.2561 43.0077
23.7261 46.3008
12.974 47.8998
8.65774 49.1255
7.83166 51.1202
10.129 55.7588
12.0673 61.7861
10.9631 64.9286
12.8977 65.6762
15.9629 64.4554
18.2219 60.9954
23.3415 58.4457
26.3754 56.2196
27.4564 52.6659
30.4168 51.2961
33.8596 50.6115
36.8523 47.9185
36.5503 45.4056
35.33 44.4724
36.3817 44.5369
36.3571 44.4264
35.1081 44.0756
35.236 44.4542
36.0723 46.8697
36.6962 49.0863
37.9359 48.6754
38.9957 45.6
42.3209 38.8188
47.8883 36.5632
53.2837 38.9646
56.5655 35.4839
57.9872 30.3871
61.7321 28.7045
67.427 25.7643
72.0451 22.2758
72.7471 21.3802
69.07 20.6004
64.6231 18.984
61.1115 15.2859
57.0017 11.5375
56.0371 9.12649
57.2479 9.01455
62.7214 13.6097
70.8938 23.6071
76.896 34.6144
82.5981 41.4557
89.9919 47.4395
98.5771 53.8138
103.417 56.571
105.453 55.7046
106.325 53.0424
105.52 47.6517
103.492 50.3736
101.743 61.814
102.093 68.3538
103.853 69.7851
103.651 70.2199
100.332 71.9773
95.1712 75.7982
89.198 80.822
86.0093 85.2483
85.4958 88.8273
86.1039 94.7508
89.0765 101.205
91.5231 103.979
91.9239 104.2
90.8042 103.603
84.8108 102.428
78.0699 102.838
75.8617 103.424
74.4279 102.769
71.7315 103.353
67.6086 103.549
61.3319 101.627
55.8381 100.502
53.1225 100.116
51.5946 100.032
51.2443 99.5415
52.3939 95.7024
54.4904 89.0579
56.482 84.5083
56.7469 83.7061
56.3393 83.4417
56.687 83.1067
56.0812 83.3226
55.1171 83.9986
54.7087 84.2152
55.1451 83.4169
53.5777 83.5544
50.7401 82.4291
46.5837 74.7298
39.2987 64.4735
36.5538 59.2843
38.7593 58.709
41.1314 59.1668
42.6365 60.8418
42.3183 62.4096
42.442 62.4307
42.8068 62.1403
42.2905 62.1938
42.1668 62.1475
42.2086 61.8232
41.8446 61.7962
41.425 61.9933
41.1645 62.0716
40.248 60.0572
43.8028 55.9839
47.0844 54.4521
44.0458 53.806
42.3249 52.5085
40.6272 50.7506
36.9288 45.1195
34.8639 39.0133
33.3493 35.8026
32.2512 34.4104
32.2726 33.1579
31.2171 30.0132
30.8377 29.0234
36.5657 31.3769
45.6651 33.6253
48.7881 34.7261
47.2823 34.681
47.1979 35.585
48.5365 39.0348
48.2572 46.873
46.3542 53.278
46.5639 53.5211
50.7194 50.0699
56.287 46.0305
55.8593 41.9377
49.9483 39.1906
46.7748 38.7575
47.6386 37.5993
48.4904 36.9663
48.5389 37.1206
48.3112 37.2464
49.9461 39.8839
56.2594 40.1208
65.8204 38.424
71.4603 42.3027
72.5675 48.4836
73.3574 54.9505
73.3944 61.8522
73.4507 66.78
73.9619 67.5437
73.8064 68.6418
76.5778 72.2136
84.0517 73.4278
93.3721 72.6427
99.6001 74.7316
100.473 76.9731
100.737 77.3905
100.319 75.0887
99.485 68.6629
101.774 64.9124
105.018 65.1583
103.672 62.2889
101.615 55.5296
103.035 50.3908
103.335 47.9442
102.083 46.2901
103.087 45.5149
103.826 45.6669
103.245 45.5917
102.325 46.4435
98.4965 49.0088
94.9181 52.3825
92.5928 51.4134
86.8367 44.2451
81.1455 37.2909
76.3773 35.3701
72.7762 36.5446
72.0312 41.6063
71.1256 49.8302
67.6467 54.7929
63.6262 56.7958
62.1717 57.172
62.3941 55.3594
63.1954 48.7468
65.6656 40.1919
69.9882 32.8634
76.048 25.0108
81.1655 18.7086
82.1635 15.8719
81.9108 15.713
80.5931 16.4456
79.8852 16.477
82.8221 11.2614
84.7003 6.12001
83.6495 5.91331
81.0185 8.73313
77.053 15.7914
74.1619 23.8709
68.0449 27.5063
58.6691 27.7376
51.6503 28.5872
46.4479 31.8867
37.7603 38.2936
26.7334 44.1608
21.6476 46.4786
20.6632 47.4872
19.5567 47.6955
19.4772 46.9482
20.264 46.9024
21.4253 47.0893
22.4206 47.2849
23.3834 48.2909
23.9752 49.6782
22.8351 48.8342
21.5329 47.5158
21.2292 47.5444
21.3761 47.5324
21.8557 47.2471
22.0915 47.0828
22.1893 47.4493
22.2163 47.4716
22.6587 47.3097
23.3394 47.5827
23.5376 47.8564
23.7074 48.3922
23.6861 48.331
23.4534 47.7802
24.7601 47.4233
29.4997 47.2249
34.8991 49.0053
39.399 54.8731
42.1382 61.2015
43.4344 64.0372
44.8783 64.9985
45.4943 65.6922
45.461 65.2604
41.7711 67.5413
35.1244 73.836
28.735 81.5499
22.0804 89.1022
17.4041 91.6711
16.8238 91.4092
16.4084 92.3901
12.7762 94.119
9.7343 94.8977
10.0708 96.1178
11.7921 99.295
12.9888 101.836
13.0601 102.837
15.2936 102.901
22.4658 101.281
27.838 101.645
29.5726 103.322
33.2909 101.852
35.7304 101.134
34.4686 101.53
33.3076 99.3923
32.5722 97.3573
29.0005 94.3096
28.1828 86.6673
32.249 81.3009
35.0143 79.9448
37.9851 77.3563
41.0174 73.3019
42.4442 70.7316
43.0068 70.6028
43.3748 70.3035
43.3225 69.8536
42.81 70.0302
42.781 69.9505
42.4658 69.5813
42.1573 69.3183
42.1272 69.2173
42.9477 70.7407
44.1402 72.7779
43.6702 72.6265
42.886 71.9785
42.9184 72.1795
42.6374 72.118
42.3544 71.4716
42.0889 70.9861
41.1778 70.7572
41.1857 70.8612
42.3045 70.5342
43.9502 66.8959
46.8068 63.2794
50.6414 63.4198
51.8383 62.3892
50.9006 59.1479
51.1888 58.0438
51.7645 58.7621
51.7979 58.8763
51.7322 58.7555
52.0174 58.7734
52.2633 58.7389
52.9466 58.216
54.9115 55.9414
55.5576 53.0134
55.8004 51.7178
58.8149 49.2785
65.7481 45.4106
73.778 49.6259
79.3231 56.4678
82.718 60.5862
85.078 65.9219
87.5278 66.9913
93.3793 65.6559
98.9495 65.2365
93.1564 61.9961
84.0086 59.5941
80.0775 59.7367
79.0169 57.9719
78.1008 53.5439
74.6754 46.4703
72.1852 40.2762
71.4734 41.6652
70.468 47.6713
69.666 51.3045
68.0472 52.6649
64.2335 51.4076
58.1031 47.8424
50.91 41.5265
47.7212 38.0294
48.3014 40.3525
49.1821 41.2784
51.2337 39.6904
53.95 38.093
56.3839 36.7716
58.5886 35.0296
59.5891 32.675
60.9332 31.4293
61.161 31.3965
60.3843 31.4601
60.4551 31.6911
59.8043 31.9267
59.7174 31.792
59.9412 30.1558
60.5506 26.6125
63.8468 24.2044
66.8121 24.6645
67.877 24.5128
71.3345 20.7851
79.5354 19.9112
86.4479 25.5183
88.8179 30.4396
92.1855 30.2085
94.4004 26.9986
95.3245 26.5173
95.8978 28.1482
95.4418 32.6254
97.0514 37.2282
98.3079 35.6371
98.5582 35.1812
97.6914 40.0997
96.3731 47.3138
96.1045 54.1964
95.5967 57.8578
94.4433 59.0517
96.5956 61.263
102.176 63.2444
105.282 64.2894
105.688 66.6191
104.55 69.231
103.36 71.7078
101.99 72.039
97.5367 72.1558
91.8788 77.1554
87.3447 84.0403
82.0029 91.4837
79.6514 98.7229
80.0112 102.899
78.1736 104.58
75.5064 104.862
73.9226 104.536
72.932 103.408
70.4241 102.583
67.3491 102.536
65.1854 102.23
65.249 100.502
67.0257 96.8989
67.4686 93.5938
67.8405 91.2147
67.9378 89.6956
66.1732 89.3323
65.9028 89.7418
66.536 90.8109
64.9494 91.6006
64.8351 91.1988
65.9889 90.6849
65.7242 90.8067
65.3666 91.0033
65.1353 91.1576
66.5856 90.4502
67.8319 90.5439
69.357 92.5782
70.2413 93.3163
68.064 91.9103
67.4096 90.3948
67.4688 90.5093
67.1237 91.0459
68.4052 91.6806
69.881 92.4068
69.4609 92.3968
68.8138 92.2368
68.7203 92.3223
68.5521 92.4773
68.3084 92.492
68.3709 92.3047
68.7895 92.3243
68.8816 91.082
67.3171 88.8165
64.7895 87.913
64.5922 84.8266
65.8798 80.2892
65.1837 77.8511
64.3138 76.0545
65.55 74.3177
65.8052 73.1652
64.5064 72.175
64.558 71.4311
64.9606 71.3077
64.5428 71.3262
64.7142 70.9153
62.5465 67.3324
58.9909 65.2254
59.4469 64.6659
60.6387 63.5824
60.7545 64.755
62.9609 65.6451
65.0034 66.7196
65.8601 67.193
65.5709 66.6572
65.0303 64.2918
65.3461 60.0872
65.3281 57.3837
64.5414 55.7374
62.9945 51.3018
61.3348 46.9428
59.2071 46.1678
58.3737 45.3559
58.0855 43.2403
56.8814 40.0725
56.9656 37.6393
57.1878 37.0366
56.5617 37.329
56.2833 37.5379
56.3881 37.6365
55.7836 39.1457
54.964 40.3474
54.4412 41.0135
52.8224 42.2208
51.8444 45.6902
52.4593 50.3374
53.3794 52.3204
56.2654 54.0935
59.3735 57.7505
57.022 63.3228
50.1506 70.3889
44.8595 77.2766
43.3859 84.4031
46.0281 90.4427
48.5464 94.3334
49.4126 97.0718
51.1711 98.5686
51.4405 99.0378
50.5237 99.3511
49.8428 99.832
49.7375 99.0606
49.647 96.2261
48.3987 94.614
46.5108 94.9436
45.4258 94.8774
44.4678 95.0811
43.406 95.4583
43.12 95.0373
43.0166 93.6126
41.4036 91.4675
38.424 87.9135
33.9925 81.7249
28.6779 75.8872
25.3273 74.7628
22.9533 74.8002
21.0366 74.6931
19.6119 77.6761
18.7151 80.2989
18.4593 80.4228
19.7432 76.6885
25.56 69.2439
31.0311 64.5292
30.6369 63.7971
29.1142 63.1747
28.6289 62.3195
28.3987 63.381
31.8977 64.7983
39.3958 64.5157
47.3155 64.0814
53.5846 65.3014
56.337 69.2617
56.569 72.9885
55.3864 73.571
53.5051 70.8151
53.6825 68.4809
56.4668 67.0057
60.329 61.427
65.1599 52.6748
69.9405 44.4484
72.9319 38.4127
76.6838 36.3555
81.6411 40.8032
84.7459 44.3
86.8369 43.8819
88.4141 44.6833
88.4961 44.3897
89.3408 44.0022
94.5836 48.1308
100.629 52.1301
103.487 53.5735
105.015 55.4327
105.572 55.3995
105.839 53.7227
106.676 53.2457
107.044 57.83
105.81 64.2884
104.446 68.2121
103.617 69.5985
102.301 68.3796
99.7493 69.5206
96.7262 75.5876
94.2983 82.8046
92.3758 88.1691
91.8874 93.1276
91.7548 95.852
90.398 95.9966
89.3117 97.6458
88.6155 99.794
87.1302 98.7927
85.73 97.0439
85.6218 96.4207
84.7388 95.4722
81.4208 97.6066
79.2169 101.828
78.9699 101.911
77.1381 98.8317
75.2025 95.8362
75.4119 92.2814
75.8433 89.2768
74.8908 88.5322
73.8415 88.3915
73.3453 87.9861
72.7394 88.343
72.2031 88.7184
71.4367 89.1566
71.2791 89.1321
71.8431 88.477
71.9207 88.1614
71.6995 87.9497
71.7071 85.9333
72.262 79.432
73.6635 72.6695
74.9907 70.0492
75.6715 69.1505
77.3126 68.7301
78.8236 68.8618
78.5756 68.616
78.2004 68.3875
77.7091 68.3813
77.482 68.0641
77.8811 67.7375
78.0317 64.8198
77.8424 59.0848
74.0525 55.5482
68.9993 53.46
67.2266 50.4679
66.7472 49.0017
65.7715 48.3609
66.1799 46.7003
67.8992 46.0136
68.2963 46.4467
68.1758 46.2726
68.1437 45.8356
67.8251 45.823
67.671 45.8351
67.6937 45.7732
67.5772 45.715
67.4388 45.5725
67.1548 45.4251
66.9807 45.3638
66.968 45.5579
68.3129 46.7655
70.1715 48.0755
70.1066 48.3821
69.4691 48.3033
69.2994 48.2191
69.2978 48.4303
69.8374 48.4957
70.8165 48.0912
69.1444 47.5013
64.0789 48.1136
61.072 51.3555
61.5601 55.6724
62.5965 58.5409
59.2988 58.4391
51.2099 57.5709
44.3203 58.2599
41.0479 56.3231
35.4368 48.9939
25.682 39.683
19.5887 32.8468
16.1913 31.1853
12.4473 31.1447
10.8809 29.0074
9.51516 27.2646
7.66516 27.6653
6.7645 26.7324
6.242 24.079
6.95109 22.8438
6.62981 21.1499
6.05123 17.1735
7.93672 15.153
13.6915 17.6458
22.2094 19.4139
30.5468 18.9515
38.064 17.2528
41.6899 15.3657
43.0517 16.9835
45.0715 20.2141
46.5747 21.4913
46.745 21.408
46.4556 21.3485
46.3636 21.2219
46.3841 20.9165
46.8647 20.8365
48.5695 20.7908
47.3249 18.7978
44.3892 16.681
45.9641 20.7238
49.1312 28.1409
51.8139 31.164
51.9022 32.0732
50.9657 34.4315
50.9543 35.4477
50.2961 34.3031
50.8585 33.0451
52.2947 32.5929
53.6358 33.2519
53.9062 34.5127
58.5787 37.5955
68.251 44.0735
72.8737 47.5679
71.9106 47.0131
70.9343 48.1891
71.9894 50.2368
78.5377 51.3666
90.2729 52.4231
99.1246 54.0625
102.764 55.6054
103.495 56.1422
102.849 55.5109
102.342 53.7719
102.862 52.5461
104.004 50.4788
104.096 47.8039
104.18 46.6829
105.138 47.5307
105.952 52.0537
105.649 59.4805
105.376 64.106
105.859 65.271
105.658 65.3532
105.396 65.561
104.601 66.1356
102.511 65.7127
100.473 67.6373
100.025 70.5258
101.258 73.1059
103.273 76.678
104.657 80.1878
104.154 83.2092
103.333 86.0241
103.17 88.5324
102.801 89.8631
102.537 90.1489
102.137 90.2513
101.571 91.0259
101.969 92.6664
102.522 94.2193
102.796 95.319
102.727 95.8191
101.246 95.0913
100.188 94.3351
100.407 94.3222
100.733 94.8106
101.212 94.9097
100.928 94.0387
99.8547 92.7104
99.2304 91.9307
99.7541 95.2297
100.127 100.652
100.221 103.417
99.5392 104.402
97.1076 105.105
93.6145 104.858
89.3214 103.137
86.9248 102.931
85.1373 103.918
82.3684 103.612
80.9711 102.891
81.4305 102.364
82.51 102.154
81.0275 102.285
78.2332 101.898
79.0141 101.135
81.1311 99.6479
80.5887 98.1668
79.461 96.7817
79.1416 96.7223
78.7352 98.6914
78.8552 99.0061
79.3955 98.3319
79.4914 97.5793
78.677 96.6176
78.9474 96.5033
80.2777 96.4976
80.3088 95.6237
79.5971 95.107
78.9818 94.6624
78.7186 94.0155
78.5178 94.0047
78.4334 93.665
78.6011 93.3009
78.9541 93.4757
79.3027 93.537
79.3816 93.1788
79.2135 93.0116
78.8882 93.2086
78.6374 93.3146
78.5438 93.2798
78.6324 93.2119
78.8204 93.1275
78.9752 93.2169
79.3452 93.5795
79.7898 93.8842
79.539 93.8908
78.8328 93.7484
78.5373 93.2567
78.6984 92.7997
78.7864 93.0139
78.8934 93.5599
80.3714 94.1093
82.9271 93.978
83.3612 93.3304
80.8991 93.1745
78.5596 93.0128
78.2333 92.2471
79.2724 91.0355
80.5193 90.3762
81.0809 91.1598
80.3642 92.0383
79.1631 91.94
78.6153 91.4635
78.4904 90.7489
79.1069 89.5712
79.7648 88.8135
78.9794 88.5902
77.7205 87.5243
77.4237 86.1182
78.5761 86.1806
79.1429 86.7193
78.0248 86.4557
77.5966 86.4367
77.8948 86.7156
78.5972 87.4181
79.7885 88.4652
79.8807 89.2662
78.4946 88.8931
77.5234 85.8637
78.8606 83.6714
81.2859 85.9062
82.3596 89.2446
81.6804 90.3591
80.6548 90.4397
80.2598 90.3914
79.1604 89.4995
77.3434 87.6354
76.7572 86.0209
77.5234 85.7301
78.7246 87.076
78.4764 88.3252
77.2633 87.8835
76.7827 87.0702
76.7404 86.4868
76.946 86.3707
77.5796 86.6196
78.5497 86.9004
78.9323 87.4308
78.3136 87.7945
77.8202 87.9994
77.8874 88.9605
77.7228 88.6518
77.4081 87.2955
77.1427 86.7871
77.2517 86.4335
77.4766 86.5105
77.6188 86.6537
77.6533 86.5982
77.8203 86.4433
77.6313 86.2057
77.4257 86.1171
77.7417 85.9705
77.561 85.9068
77.5678 85.9976
77.6039 86.1693
77.1136 86.4423
77.0144 85.9524
77.1982 84.909
77.1707 84.1507
77.2589 83.4624
77.2344 82.9634
77.2347 82.6525
76.819 82.3028
77.1746 81.5303
78.2748 80.7986
77.8173 80.8397
76.3355 81.5618
76.208 81.9234
76.9228 81.8823
76.9322 81.8279
77.6383 81.53
78.1687 81.9408
77.0277 81.9154
75.1235 82.0179
73.5113 83.4658
71.4672 85.2634
68.963 87.9535
67.5427 90.6259
67.7061 91.8259
68.1795 92.6871
68.5935 90.7425
69.3555 86.7237
70.2457 84.0931
72.2028 82.1478
73.7237 81.8405
74.1004 82.5157
74.5974 83.0875
75.7344 85.5644
77.1477 88.8591
77.9763 90.5751
77.7851 91.0599
77.1948 90.738
77.0095 90.3076
77.5292 89.7241
78.9977 88.9909
80.7389 90.6998
79.2195 93.567
76.2333 94.6912
75.021 94.6322
74.1313 93.66
74.0838 92.9078
74.1388 92.5488
73.7481 92.5722
70.1624 92.4575
62.9095 90.3819
56.4903 86.6817
53.3404 83.5347
50.5796 81.919
46.6703 82.9297
44.8705 84.2534
44.7863 84.1702
44.7875 84.4616
45.0189 85.0348
44.9001 84.901
44.5603 84.0969
43.8098 83.6401
37.5186 82.8928
27.006 84.6902
21.5608 88.3834
21.1179 87.9195
20.6424 82.3645
22.4392 74.3113
23.8952 67.3065
22.3947 66.054
21.9621 68.7017
21.68 69.6508
24.886 66.4585
32.6482 58.7689
36.8647 50.9161
38.9625 44.0265
41.7515 39.5195
44.9292 37.2962
50.7762 39.2965
56.3841 45.78
62.221 49.4296
70.5499 51.4782
80.2462 51.5033
91.4073 50.3233
100.56 51.6894
104.653 54.0648
105.367 55.2225
105.067 53.9474
103.813 49.634
102.568 43.3211
103.272 38.9327
103.261 38.0343
101.701 38.2763
101.066 38.2263
100.808 36.2344
100.665 31.734
101.719 27.6478
102.092 24.6976
102.387 23.1344
102.924 22.4392
101.894 20.017
100.899 15.5681
101.459 11.4989
101.521 8.30617
99.9997 6.53393
99.0028 6.06613
98.2651 5.12511
97.8328 4.48918
98.8366 4.7017
100.04 5.48925
100.518 6.39805
100.198 6.84544
98.7911 6.72303
95.6125 7.01035
93.1919 6.2902
93.2669 5.7519
94.833 6.64442
96.5499 6.80089
97.143 6.4842
96.3593 7.00662
95.9271 10.7559
95.2703 15.2509
93.2292 18.7905
90.6193 21.6971
87.9775 24.3691
86.6432 26.6225
87.1214 27.246
86.9872 27.8012
85.7662 27.4646
84.9522 27.0271
82.6124 27.5951
81.0213 27.5924
81.2388 26.9497
80.3768 25.7977
79.9515 24.5308
80.3381 24.241
79.9683 24.3682
79.7192 24.3487
79.5538 24.4413
79.2842 24.4869
79.3542 24.2305
78.6994 24.4328
78.2056 24.2251
78.5385 23.5307
78.573 23.6484
78.615 23.6476
78.6376 23.4888
78.5842 23.4584
78.8396 23.3582
79.0312 23.3479
78.5885 23.4112
78.1574 23.3455
78.2712 23.4262
78.9024 23.8443
79.3056 24.0005
79.7375 22.543
80.364 19.6025
80.9722 16.4524
81.2735 14.9229
80.571 15.0048
80.6479 15.5858
81.2449 16.2736
80.9295 16.4632
80.5148 16.4459
80.3402 16.2961
79.8758 15.84
79.428 14.6223
78.7478 13.1466
75.411 11.504
71.6333 12.0719
71.1053 14.3297
72.5116 15.5128
74.6206 16.5289
75.7148 17.1798
74.5378 17.6218
73.1254 17.6383
73.2035 18.1362
76.8859 20.382
81.6018 20.5935
83.4653 19.9965
85.7659 21.0093
87.9132 20.937
87.9684 22.0006
87.6561 23.2955
84.9092 25.0654
81.6434 29.8666
80.6501 33.6429
81.0031 35.5562
84.5925 33.349
87.922 26.2458
87.6456 21.4295
86.0647 21.5019
85.6367 26.0504
84.1617 35.2102
80.7989 45.7894
79.0766 54.2704
78.5307 59.1747
78.288 61.0156
77.4608 61.2328
76.5072 60.8137
77.0821 60.6859
74.8612 58.1494
68.5893 53.5294
63.8259 50.6213
61.6862 49.5962
60.7145 49.3661
60.1627 49.357
59.7015 49.6596
59.47 50.0445
59.4264 49.6387
60.1694 47.8926
60.696 46.3752
60.1795 45.4289
59.2326 42.9098
58.4926 38.6605
58.448 35.3715
58.304 34.1521
57.8621 33.3714
57.2974 32.7484
55.2747 34.9278
53.1746 41.2782
52.5831 48.5758
51.9692 56.1689
50.7977 63.5291
51.1366 66.8467
55.3094 68.7781
59.701 70.7337
59.5878 67.4675
58.559 63.3122
59.4751 62.0624
59.9076 61.6416
59.5469 59.8428
60.506 56.3995
63.0188 54.3226
63.7864 53.3048
63.3523 52.7604
63.4454 52.3833
62.5423 52.1995
61.7504 52.164
61.7998 52.0418
61.1913 51.6993
60.7589 51.4877
61.3972 51.4797
62.1183 51.3204
62.1696 51.0607
61.4702 51.0155
61.5327 51.1091
61.9102 50.9941
61.251 50.1301
66.1458 49.141
74.8819 51.0823
80.0641 54.7424
84.746 59.3078
89.6758 63.5255
91.8121 64.9231
92.1166 65.6768
92.6092 66.7066
91.5907 65.1604
88.2713 60.9709
83.7109 58.4623
81.4044 55.2078
80.6295 52.5578
79.5661 52.6908
79.5317 52.4838
79.1503 52.2515
77.908 51.1665
73.913 50.5593
67.8492 51.1988
62.9176 52.1588
60.28 54.0008
56.9849 52.2341
54.4189 46.5142
53.8988 43.263
51.6721 40.2499
49.4356 38.176
52.9942 37.571
63.4726 37.9039
74.2527 42.7773
82.6731 46.734
89.8501 47.1176
98.2661 46.8959
104.291 46.3874
103.599 43.498
102.276 39.73
102.673 38.3669
102.068 38.3747
100.793 38.4092
102.208 43.2658
103.58 52.5207
102.62 58.1252
103.03 57.373
102.707 56.9363
101.058 62.0731
102.995 65.2688
106.103 63.4082
106.682 61.8933
106.736 62.0124
106.616 62.7189
106.15 61.3276
105.33 54.4702
104.126 48.0841
101.97 45.0465
98.0919 44.3991
95.8203 47.4789
95.9874 49.6799
95.6713 49.8232
95.1632 49.9215
95.6871 50.1283
98.848 51.2925
101.783 52.1699
98.5039 48.3203
91.3724 42.1699
86.3719 39.6455
81.6407 37.6146
75.9463 34.1434
73.43 32.346
74.3728 33.306
74.7778 37.4927
73.826 43.9377
73.1231 49.3973
71.1621 54.1587
64.2273 59.1445
55.7695 62.4829
49.6125 60.9814
41.2307 56.3019
30.4848 50.534
21.8011 41.967
18.5699 33.7636
20.4385 30.4373
21.1303 32.9604
18.1679 40.5768
15.4866 47.3861
13.9687 50.5587
12.8503 54.2013
11.4648 58.7702
10.5135 62.8707
12.0423 66.5009
13.4108 68.7342
13.0862 68.8653
12.6068 75.9955
12.9501 86.8176
14.8639 89.0311
15.4665 86.1342
15.6655 83.3603
19.2639 81.3104
24.1326 79.9673
27.3285 77.5394
30.1469 76.4326
32.3983 76.3155
31.9859 73.7694
31.2068 72.0127
31.5812 72.4108
31.7413 72.6683
31.6966 72.2554
31.7248 71.9899
31.0051 71.6498
30.5122 71.4297
30.7229 71.3565
30.8476 71.2878
30.674 71.307
30.584 71.4324
32.0323 71.0138
35.1446 68.4295
37.4138 64.7544
38.6301 62.9496
40.9447 62.8153
42.1521 61.6119
40.6843 59.4447
39.9673 59.3076
40.8112 60.6475
40.7542 61.0645
40.4334 60.8914
40.4402 60.8197
40.2676 60.2556
40.852 56.3842
43.4569 51.889
46.8537 50.4122
46.7625 49.6506
44.9586 48.9772
44.0507 48.6642
43.8249 48.5014
43.8735 48.3349
43.9202 48.3127
44.3026 48.2349
44.2745 47.8623
47.2066 46.9577
53.7234 49.0645
59.2357 54.2873
62.0474 57.9339
62.6378 59.2808
63.1433 60.1372
64.6342 59.8612
65.2788 58.2845
65.9069 58.3543
66.9672 58.0823
67.7736 55.0318
66.836 53.279
62.5986 56.4989
61.9426 58.6541
66.7875 53.2863
70.5106 44.049
73.229 37.7625
77.5365 29.9
84.4899 21.0563
92.4184 19.4355
98.3467 22.8281
101.898 28.1349
102.743 32.9995
103.322 35.9036
104.353 37.715
103.643 39.3812
104.058 39.0386
105.121 38.481
103.935 39.7227
102.687 40.279
103.057 39.9156
103.997 39.0843
104.388 38.9053
105.406 39.9336
105.6 41.8197
105.356 42.4199
105.324 41.5613
104.659 40.4911
104.797 40.1375
104.345 40.4448
103.014 40.4289
101.202 40.9754
100.304 42.1292
101.245 43.2703
101.324 44.5525
100.995 45.1862
100.854 46.1047
101.425 48.5103
102.196 51.1135
101.651 53.4013
101.67 54.414
102.578 54.2332
102.911 54.667
102.751 56.5479
103.146 58.787
103.483 61.2174
104.056 62.6949
103.671 62.3995
102.67 62.9657
103.028 67.8618
102.965 71.8681
101.924 70.0389
97.9819 69.3925
92.6568 72.7917
89.8339 79.3578
87.8393 88.1604
85.995 96.6998
84.677 102.215
83.1254 103.918
81.2206 104.487
79.0075 104.057
76.3316 103.2
74.9169 102.906
74.7497 102.976
73.9729 103.172
70.2519 102.84
65.9013 102.278
65.1627 102.358
64.86 100.345
62.8642 97.0514
61.2425 96.1943
62.1398 95.3387
63.4467 94.2431
62.8492 94.1064
62.0943 94.0028
61.7054 94.2201
61.3449 94.5597
60.3869 93.8684
60.6588 92.2951
62.6056 92.1073
63.181 92.6706
62.6134 91.9085
61.998 90.2556
61.5661 89.3219
61.3777 89.453
60.9824 89.5775
60.6335 89.5604
60.4059 89.4992
60.1728 89.4284
60.2395 89.3292
60.6054 89.0987
60.6829 89.1095
60.4255 89.2801
59.8617 89.3478
60.2043 89.1038
60.3006 89.0388
59.1665 89.3788
59.6727 89.2771
62.5499 89.6798
65.8849 91.5453
66.4527 92.764
64.7487 91.6461
64.3069 89.6721
63.9394 87.6093
61.6681 85.5328
60.8629 84.3841
62.9072 83.3581
63.6838 82.2981
62.2599 81.4602
61.3284 80.6561
61.2118 80.417
61.1758 80.4399
61.2671 80.5083
61.2261 80.5383
61.0016 80.5447
60.8643 80.4775
60.6992 80.4389
60.6364 80.4562
60.618 80.455
60.5924 80.5114
60.5469 80.6096
60.6113 80.5803
60.7535 80.4611
60.4701 80.1055
59.5059 79.2236
58.7519 78.4539
59.3277 78.6951
59.8796 78.7522
59.6125 78.08
60.8099 78.0564
62.5328 78.5556
62.9295 78.7639
62.2637 77.9637
60.9875 75.937
60.564 74.7041
62.0026 75.1715
63.5773 75.9944
64.1426 75.7374
63.4817 74.6071
62.5463 73.8816
62.2814 73.7353
62.2859 73.6057
62.4957 73.5433
62.5605 73.763
62.9335 74.0973
63.9176 74.9652
64.6788 75.7336
64.0485 75.3346
62.9343 74.5743
62.834 74.6638
62.6752 74.7536
62.3388 73.902
62.3001 72.7562
62.1714 72.8497
62.6369 73.911
62.9653 74.2204
62.513 73.9585
62.1684 74.1352
62.1601 74.525
62.0106 74.3526
62.0233 74.239
62.257 74.3836
62.1501 73.7942
62.1166 72.9884
62.4239 73.408
62.8383 74.3545
62.6653 74.3197
62.1567 74.0815
61.8091 73.9451
61.4166 73.6749
61.8649 74.3268
62.8383 75.1403
62.7531 74.9605
62.125 74.4262
62.0478 73.9778
62.3921 73.6812
