13.3676 76.9488
13.5424 69.4584
13.2861 63.3932
13.0749 58.2066
11.9917 52.9816
9.92794 43.9622
7.60063 32.8337
6.00326 27.0784
5.91944 26.2788
8.52257 25.3535
12.5194 23.9286
16.1654 22.9123
17.7811 22.7634
17.5621 22.728
17.3202 22.7868
18.5134 23.5662
18.975 23.8278
17.3024 22.9151
15.824 22.839
15.9313 23.8948
16.558 24.3824
16.5082 24.7633
16.9562 25.3134
17.3372 25.634
17.0121 25.6391
16.9026 25.4928
16.9127 25.5056
16.7489 25.2705
20.0584 21.6423
27.2451 19.7034
33.3676 24.3999
37.4909 26.7212
39.202 28.561
38.8138 32.5009
40.6213 33.6781
44.7203 32.5032
50.4809 31.2405
58.73 29.9505
66.3753 27.5706
72.3393 25.6024
77.1089 26.8506
77.2777 34.4363
73.2516 42.4369
69.2615 46.992
66.3337 50.9124
65.655 53.4365
70.2703 53.3531
75.6903 51.9051
76.9576 50.7735
78.4491 49.3751
80.9681 49.6483
82.1341 54.8871
83.1048 61.715
83.7431 65.6805
83.98 65.8613
89.1989 60.8269
97.2023 58.1928
99.993 59.2238
93.2146 51.403
83.537 39.2925
76.4178 33.085
69.2542 35.6233
66.2603 42.9631
63.512 46.8152
58.0154 48.441
54.874 50.8003
52.4437 56.2399
49.2008 63.3065
46.1816 67.4204
42.1988 68.7387
38.2942 69.9575
34.9773 72.1266
32.3721 73.1886
32.2232 67.9436
34.4259 54.9953
36.9125 41.5022
41.2611 31.1532
47.4098 24.6521
50.3366 22.0478
48.8803 20.0488
46.5338 18.3765
51.0203 18.3081
59.6681 19.111
61.7537 16.6554
57.8648 12.0276
56.3681 9.3941
56.2782 7.57263
54.5365 6.59517
54.3935 7.2441
51.2702 8.28162
47.0018 7.93961
45.4709 7.54072
45.5586 7.87649
50.0057 9.7508
57.878 10.6881
65.8952 13.4826
67.9401 24.3854
65.6891 34.8275
67.3829 37.3327
73.6408 35.4395
78.1794 35.0945
80.6263 34.7656
82.5074 34.1087
81.4986 36.2148
80.5349 34.9638
81.8796 29.1328
85.1688 26.9981
87.3877 28.1073
87.7022 28.4424
87.939 29.0093
87.8871 29.129
87.6553 28.4738
87.1561 27.8739
87.2002 27.4946
87.4822 27.4499
87.6079 27.5723
87.6995 27.5036
87.0707 26.4422
83.5119 22.9902
80.3234 20.0701
80.7764 19.1826
81.698 18.5543
80.0784 18.9373
75.4765 19.3782
70.5357 18.1052
68.9545 14.1783
67.8654 9.04755
64.2226 6.582
60.8144 6.65504
58.6166 6.84152
59.1292 5.67315
68.9285 5.70372
81.5148 10.6439
85.2676 19.8096
86.0323 28.9257
88.1274 36.6646
86.402 44.5174
79.6891 52.3043
74.3912 59.076
72.3105 64.8478
70.5998 68.8982
70.401 70.2327
74.9028 70.5671
81.7024 72.5496
85.5502 79.9511
84.2164 87.0189
80.5574 88.4771
79.9815 88.8162
79.3304 89.5691
76.1134 89.9049
74.638 90.961
73.5574 89.7073
73.2588 89.0292
74.8078 92.4283
71.1586 90.3598
59.0978 82.742
46.4892 77.5929
39.9065 75.9164
37.1767 77.5891
32.3839 80.1998
25.9912 76.919
23.8212 68.923
26.9902 58.8984
34.3869 46.6645
43.4917 38.0026
48.5679 33.5748
48.703 30.3519
49.1096 29.3006
51.7895 29.8322
54.5833 29.317
54.4226 28.7969
52.1334 31.6431
51.0897 34.4246
50.1636 35.7411
48.5627 36.4781
48.2875 36.1798
48.9931 36.258
49.0818 36.4853
49.001 37.2265
49.1963 37.6694
49.01 37.456
48.5988 36.9755
48.3847 36.7204
47.5615 36.4497
47.5049 36.1065
49.695 34.0625
56.6782 32.1394
65.2646 33.953
69.8466 39.2233
73.3453 43.9976
76.0834 43.9703
77.3962 40.2644
80.1109 35.6716
84.1195 33.6726
84.3017 31.6337
84.2475 28.3299
89.4884 30.4782
94.4038 36.8221
96.0723 38.668
96.6362 35.5788
95.3322 31.9332
94.7291 27.2202
99.1745 22.5011
101.5 18.6829
100.917 16.1018
102.997 15.8193
102.422 13.5616
96.8495 12.8334
86.4924 18.3389
77.4246 26.9283
68.3133 33.2196
54.9296 35.1003
48.3867 35.1415
48.4752 36.1716
50.7306 39.54
51.7629 43.7317
51.3352 45.6274
53.7376 46.1622
56.0403 47.5335
55.706 48.5734
56.0321 49.3886
58.8236 50.6755
59.7284 52.333
60.1266 52.6586
61.5453 52.1902
65.2719 52.0775
71.4146 54.1168
76.0169 59.5698
78.5863 65.1317
80.1368 68.3773
82.3875 65.716
85.7253 56.5651
87.4877 48.1786
84.9185 44.1484
78.3351 42.3367
75.1666 40.1312
76.0557 39.4818
75.6541 34.3968
75.4214 23.6746
73.9585 15.9992
70.5797 12.8545
63.8109 19.8347
53.1098 28.9883
42.9368 31.4319
35.0871 32.8662
28.7445 33.0175
27.4376 32.577
29.6686 29.9929
27.2419 24.4254
24.0325 22.0499
28.1506 31.2816
34.3756 46.3948
41.2345 54.6329
49.4802 57.8899
52.2213 59.0081
53.6621 58.1731
58.2477 57.6324
59.5974 63.0443
57.2028 70.6123
56.7955 74.397
56.6369 76.6405
55.235 78.1182
50.6998 77.9643
47.1811 78.5742
47.8892 80.89
47.7574 81.2865
48.5763 82.2074
45.2448 84.8605
35.8513 83.3525
30.9891 78.2866
31.5905 77.28
29.9258 81.0929
25.8516 86.0097
23.1206 86.5143
25.0231 77.5088
30.2246 66.0623
33.2097 57.114
32.2863 50.5026
31.5099 47.5844
37.5971 45.7236
46.4816 43.6856
47.6474 40.542
44.6789 38.0453
48.3007 41.4241
53.8978 47.8381
54.2321 52.2013
53.2947 54.8888
54.2909 53.5226
58.381 49.3047
60.5323 43.5902
59.1623 38.5286
62.5701 39.0816
71.4846 44.2231
76.1675 45.3213
75.2199 43.2413
75.5911 45.1494
81.033 53.9069
89.465 65.5304
95.8396 72.7609
100.731 74.26
103.189 76.9185
104.967 80.8272
107.63 79.2966
106.64 82.9141
103.41 90.2421
104.324 93.5446
106.855 96.2011
107.301 98.6524
106.929 100.343
106.576 100.826
106.953 100.541
107.3 100.257
107.351 100.052
106.954 99.7829
103.502 99.6905
97.0375 97.6149
89.9535 91.5197
86.1199 85.5234
83.0993 80.2419
77.2795 71.8795
70.8808 62.5665
64.6095 57.7519
60.5156 54.7526
56.7561 46.3155
51.3294 37.2365
49.4204 33.194
50.1872 31.9781
48.4071 32.1188
50.4513 30.5508
55.6441 29.3915
57.6376 28.1783
57.7382 24.3405
59.3466 19.7422
61.3713 15.967
59.7639 11.101
58.1245 6.58192
58.6037 5.95958
57.2486 6.72616
49.1811 8.68682
39.888 10.1371
34.5071 10.3974
31.657 10.1064
29.1338 11.6124
24.2477 13.5181
21.4647 12.5606
23.3281 15.6908
26.6365 25.2779
23.7082 33.0838
17.7632 36.7153
17.3023 39.3384
18.6762 40.8308
20.5685 41.3085
24.9671 42.58
31.5921 43.1712
34.0994 46.2263
32.4577 50.6093
32.9725 51.655
34.4417 51.5598
35.1354 51.5527
35.121 51.2809
33.0843 51.648
29.3291 53.4781
29.3143 54.7157
34.7359 52.6102
42.0627 48.3053
47.8437 51.4663
50.2864 61.6995
50.7105 69.9112
50.989 72.975
52.6151 71.2011
58.5019 64.9173
64.5062 61.4205
67.324 61.955
70.2591 61.183
73.3069 62.0549
74.3375 64.2056
72.8335 63.5052
71.1257 59.4049
70.2329 55.5875
68.099 51.8776
65.2587 49.5729
67.2936 49.4929
72.9963 49.8652
72.3541 46.2876
66.3014 39.438
59.73 38.401
56.2722 42.8177
57.1679 46.8291
56.7337 44.972
54.0079 39.2275
50.5281 38.4081
48.1336 39.7274
48.9969 35.49
53.2662 30.0096
57.8122 27.5841
60.987 26.2425
62.5817 24.8886
63.1513 22.4187
66.2824 18.9816
70.1548 15.5272
73.6068 14.7016
74.1593 15.5138
63.0324 20.3008
49.4861 26.8479
44.2671 30.7822
43.7756 36.4648
48.1775 43.7317
56.7053 46.9326
62.4827 48.449
65.8428 51.9655
68.9501 57.4071
66.7751 63.0138
64.2392 66.2912
64.2967 69.7925
62.1436 72.4113
60.3797 73.4899
64.2986 72.7088
72.0317 69.5217
76.7925 68.0682
78.5901 65.4262
80.2159 59.8263
78.9611 54.8591
77.2979 50.403
79.6124 49.5186
85.7241 53.3352
91.5762 56.8509
92.6935 63.1268
90.9315 70.0045
89.1135 71.0416
88.7415 71.7067
90.5411 75.4693
92.9838 79.0178
94.374 80.3699
95.2854 80.999
96.2517 79.8474
95.353 79.3703
90.8863 80.5126
86.9459 81.9209
86.313 83.4647
85.8439 84.5555
84.6352 84.6438
84.0823 86.2373
83.2857 92.1847
81.8972 97.8036
82.1408 99.5832
83.9192 99.8737
85.2787 99.9764
86.0885 99.9898
86.6761 99.8657
87.2481 99.7406
87.9463 99.678
87.4594 99.5058
87.9213 99.4415
89.8169 99.7197
89.9883 99.699
89.2869 99.1717
89.688 99.1255
95.9237 99.019
104.291 97.9707
106.835 97.145
106.481 90.1943
107.376 81.086
108.246 77.1824
108.092 76.3382
108.102 77.2257
108.132 77.7742
108.321 79.7215
108.735 81.6599
107.957 82.286
107.205 80.416
107.142 77.2318
105.819 74.7083
104.665 70.1849
105.864 65.8426
106.876 64.9253
105.735 63.7794
103.391 59.8501
98.2763 55.3263
91.423 52.8876
86.1897 49.351
83.0218 42.6772
81.025 38.3771
80.1917 37.9287
82.352 36.8331
86.9427 34.7785
90.2335 33.7068
94.6228 34.6906
98.7627 34.9582
99.2967 33.3769
94.7971 32.6151
86.004 33.9324
78.8965 38.7072
70.8417 43.7023
62.5022 46.5106
56.1244 47.5774
51.0881 47.6947
48.6893 47.7673
47.9779 46.0718
48.2618 43.389
48.6813 42.7452
48.5461 43.0844
48.1388 43.555
45.1404 46.1002
40.4105 50.1714
37.3844 52.9716
35.8078 54.4367
34.4588 54.633
31.8818 54.0859
29.1162 52.9833
26.979 52.4111
25.4938 52.7134
25.3917 52.1698
25.2657 47.609
23.8966 42.6312
23.0864 40.4424
24.0471 37.6072
23.8925 35.6379
23.9668 34.3068
24.7367 32.1133
23.5473 29.3018
22.1906 27.4692
22.7313 26.3774
25.8109 25.8078
27.6873 27.7611
27.9425 30.7145
27.3682 31.1215
26.7041 29.4917
27.1979 27.5299
26.8744 26.8354
26.7268 27.7654
27.1207 28.4249
27.8963 29.062
27.9358 29.7448
27.3984 29.5269
28.4211 29.5001
29.6505 30.3585
30.2914 31.1136
29.5198 31.6228
29.0923 31.7975
30.2672 31.7323
30.2748 31.6521
31.5122 29.3824
37.8823 27.6241
45.9138 29.9932
49.9336 32.1804
53.3864 29.8452
60.4903 27.0992
67.5418 22.9229
72.3039 17.0851
77.9119 16.6367
81.3827 16.2088
80.5674 13.4166
80.0894 12.7564
81.8313 14.2629
87.7387 15.8536
93.5565 12.6582
97.8299 8.46867
101.615 11.1541
99.7414 21.3409
97.1295 32.6118
98.9554 40.3308
101.814 46.7629
103.399 55.247
103.044 62.7261
101.326 65.8381
99.7424 69.2267
99.1454 73.2062
97.031 75.6066
92.3037 75.304
89.5324 75.2105
90.6275 76.9384
92.398 79.1035
95.5583 81.811
101.137 83.8212
105.764 83.0255
106.59 83.4037
107.304 86.1557
108.71 88.0056
108.123 89.856
107.361 92.3306
107.205 95.5838
106.654 97.0888
101.247 95.0391
90.6306 90.0591
80.5353 86.2302
71.3107 81.4627
63.1204 74.2878
55.8524 73.8091
48.4961 80.4222
46.5008 88.5664
47.0738 94.969
46.0746 99.1396
45.2999 101.213
44.5763 101.485
43.4149 101.189
42.5859 100.51
43.1297 100.838
44.0589 101.416
45.6917 101.276
51.3291 100.768
59.8981 99.4378
65.271 98.9292
67.2143 98.6386
67.9328 97.9991
69.3141 98.285
71.9438 98.3145
75.7485 97.161
80.0397 96.3217
84.1415 96.7583
86.8772 97.2372
89.5762 96.4845
93.239 94.9834
95.5548 93.8478
98.6709 92.4085
102.457 91.5708
103.702 92.2069
96.4336 89.3266
85.3267 82.3435
79.7106 76.1163
75.2743 71.9874
70.2023 69.9229
66.9326 68.3932
63.8095 65.7699
62.4894 60.7187
63.2471 55.8741
65.3206 52.8995
70.5826 50.4929
72.8839 48.8693
72.4426 48.7041
77.468 49.1573
83.3218 49.2127
86.1147 52.2863
87.2704 54.8885
89.4461 49.8436
95.2473 42.5714
97.9201 37.2804
97.3423 32.0647
100.689 27.901
104.741 26.2336
105 23.5903
103.956 17.2531
101.986 8.94551
98.4937 4.10006
91.951 4.4499
84.2977 5.05634
78.9921 5.7796
73.4832 6.66765
69.4558 6.51861
68.5688 6.54435
67.5824 6.60181
66.4109 7.85344
65.4287 11.1454
63.0396 11.2571
60.8884 8.36727
59.8015 7.6188
60.4311 11.1432
62.0616 16.7361
61.6448 18.5806
60.2554 17.3698
59.2027 16.2723
58.4453 15.6706
57.789 16.9396
58.2983 19.5389
60.0923 23.0783
60.769 27.0279
59.8277 28.5193
59.8013 28.3919
61.5745 26.115
62.5552 23.2479
61.2742 23.1877
60.5723 23.0621
60.7612 22.7722
60.1462 23.1543
59.6693 23.2068
59.5743 23.2704
60.3301 23.5474
61.8985 24.1311
62.5263 24.0814
62.0672 24.0708
61.6416 24.7193
61.2992 24.5639
61.0563 24.4768
60.9809 24.9337
61.0814 25.1672
62.7141 28.1025
64.1606 34.2862
63.9975 38.2048
63.1897 38.1834
59.8376 34.5068
55.3897 31.6917
53.0421 31.7224
52.4495 31.5755
52.5897 31.8547
52.8958 32.2999
51.6029 32.3291
44.2047 31.4814
34.2689 30.5897
26.4628 29.9166
18.6591 29.3167
14.0446 29.0861
14.6859 28.5572
15.8225 28.4946
15.5163 28.9981
15.1267 26.8898
14.5076 22.8685
15.0019 20.7992
15.7392 20.1773
16.7652 19.9918
18.3318 20.2297
18.6284 20.6748
18.2458 21.3557
17.9827 21.7282
18.0241 21.8193
18.0939 22.1321
18.3698 22.5108
18.4938 22.9374
18.3715 23.5518
18.3235 23.9942
18.4574 23.8651
17.9105 22.6072
16.802 20.5675
16.0585 20.5422
15.5595 19.7695
11.8239 20.3459
10.2366 25.2461
12.5426 27.3983
12.5898 26.858
12.6882 25.5773
13.3574 24.8406
13.8556 24.8858
13.8049 24.8993
11.7075 22.7535
12.3269 17.0593
17.1915 14.8855
19.572 16.5584
21.0053 18.6548
22.076 19.3002
22.4698 19.4504
23.1602 20.5613
22.8157 20.7993
21.9651 21.2246
21.5801 21.7109
24.3604 21.5656
31.3209 23.5177
37.9152 26.626
44.2191 27.0926
52.6022 28.3356
57.1969 30.5439
58.7474 31.3581
60.43 32.0983
60.5405 31.9636
60.3161 31.9263
60.6405 32.9455
59.6957 35.3506
59.3236 38.169
60.0111 38.7773
59.7308 38.3126
60.2044 37.8271
60.6099 37.8904
60.2441 38.2095
60.2575 37.9931
60.4412 37.4994
60.3541 37.1945
60.2027 37.3062
60.4329 37.6111
60.7428 37.8031
60.5864 37.7078
60.2619 37.6856
60.2128 37.906
60.687 38.1752
61.9068 38.5383
63.1763 39.0767
63.4288 39.6241
62.2458 41.0024
60.574 42.1981
60.2786 41.2018
60.0518 40.6181
57.5821 39.9126
58.0169 37.9059
59.7823 35.0379
56.7248 26.4088
54.8024 18.8501
57.1843 17.289
59.4275 17.3888
60.9189 19.961
64.0819 27.2654
66.5375 33.8467
66.3146 34.3562
64.7708 33.8473
60.9548 31.7567
59.203 29.3233
61.3629 27.903
63.9414 24.1123
65.1684 20.886
65.3142 21.0413
64.9791 22.3483
65.3445 22.1462
66.0444 21.748
66.9398 21.6219
67.1917 20.3238
65.7416 20.0333
65.5284 21.3487
65.7111 22.5617
65.1812 23.219
64.7969 23.7603
64.6937 24.2563
64.1853 24.5964
64.2429 25.1952
64.2513 25.7302
64.153 26.0988
64.1106 26.367
63.6894 26.3167
63.9132 25.8511
68.1592 26.9113
71.4645 31.2871
67.95 38.5841
62.1546 50.2719
56.0595 61.0943
46.8405 67.6502
39.7419 74.9845
38.885 78.3727
36.7733 79.1563
29.67 85.7602
21.6084 90.1344
17.7117 90.1249
17.1569 90.682
22.4429 93.7125
28.1691 98.3557
23.9452 96.2815
15.4391 87.482
10.6458 75.4129
10.0705 63.6514
8.58555 57.6016
7.21523 55.0202
8.19847 53.8138
8.90075 54.2243
7.70869 54.5755
6.39162 53.9008
6.47574 53.2347
6.23502 52.7511
6.20376 49.6999
6.14902 46.4331
6.02561 43.0608
6.29324 38.6583
6.16642 34.9026
4.25755 31.9165
7.17501 30.8994
19.3253 33.6907
29.3732 36.2011
31.4531 31.7171
30.2848 26.7758
28.4959 26.6696
33.6403 29.2884
46.8462 31.0585
55.2339 31.549
57.9752 32.556
56.7735 30.9092
54.0819 29.3245
54.5885 29.884
54.9207 30.3581
54.5951 30.4089
54.389 27.1683
54.7878 21.3618
56.4925 19.6929
56.6864 21.0194
55.1543 22.0728
54.3545 23.2864
53.8445 23.6546
54.4494 24.1195
54.5399 24.4965
53.5087 24.9762
53.9634 25.7641
54.4467 26.6102
54.626 28.526
56.2314 28.9759
62.2351 29.1232
68.9384 32.6799
74.7278 37.0854
79.639 42.4103
80.8579 46.4618
80.9088 46.8165
80.9137 46.4803
81.0275 45.866
80.8963 45.4723
80.3905 45.6012
80.12 44.6249
85.6987 44.7403
95.1051 48.734
101.474 54.133
103.618 58.2629
102.506 59.598
101.451 58.7782
100.545 57.8745
99.2981 56.0832
98.5904 55.1795
98.7712 56.4921
99.9919 59.3065
101.085 63.9409
101.456 70.4061
103.638 77.2667
103.714 81.1649
95.3002 86.8665
83.5548 92.5335
75.5176 93.6196
72.9806 94.0209
70.3296 94.9639
64.6023 96.2808
60.5796 95.6247
59.7465 95.917
59.3925 96.9922
58.2824 96.3114
57.9087 96.0148
55.0756 96.7372
49.2564 93.9399
45.6999 84.5909
45.1783 74.1683
44.5707 66.8682
43.1759 59.4983
41.4132 51.5319
40.7006 47.3385
39.3069 44.9786
37.3387 41.9859
36.9851 40.0981
38.4311 39.0241
40.3516 37.0442
41.2993 33.9969
42.6259 31.0202
44.0476 30.0605
44.5495 30.5377
44.2145 30.4842
43.7187 29.9344
43.4951 29.8941
43.5005 29.9291
44.5418 29.8568
46.1976 29.898
45.9721 29.8465
44.4849 29.9428
44.0185 30.4077
45.503 30.883
47.1851 31.1983
46.8009 31.258
45.3676 32.2077
44.7855 33.4144
44.7454 33.5922
44.1462 33.9282
44.1983 33.7584
41.9801 30.5562
32.6265 28.3049
21.3341 28.349
14.5327 27.4444
11.5068 25.6732
11.9489 24.4328
13.7117 24.7456
13.7495 25.624
10.1293 26.1484
6.66358 24.0093
5.3127 17.5051
5.05415 13.3305
4.9357 12.6793
4.26607 12.0146
6.94153 16.1059
7.56877 19.7823
7.84743 20.0878
10.9718 20.7752
12.031 20.6349
9.1752 24.8537
8.50974 37.8869
11.3739 50.1208
15.0664 55.617
18.6913 59.9036
17.4491 64.6944
14.3884 68.1599
12.5909 70.7471
13.6941 72.5654
17.3314 73.3566
20.8605 74.0429
23.9504 75.0384
26.5005 72.2621
29.8705 67.1805
32.0826 62.8351
31.3248 60.2086
33.0785 61.6026
37.5433 61.2598
39.5725 59.0415
38.3196 58.5397
35.9588 58.3847
35.1566 58.3194
35.5163 58.5495
36.0535 58.7641
37.0552 58.982
37.4606 58.9607
37.0645 58.6826
37.6114 54.1931
40.2997 43.4853
43.2436 32.2687
44.4964 25.9555
44.7573 24.4474
45.2963 25.1394
45.4471 26.3268
45.1812 26.8496
45.5448 26.9518
45.8308 26.9211
46.0056 26.9836
46.2257 27.2299
46.4329 27.5014
46.3206 27.6343
45.9368 27.6154
45.8934 27.0514
42.1513 27.6726
37.2547 30.8477
36.7208 32.8472
38.2409 31.9022
40.0269 30.2906
41.3524 29.7382
41.7507 30.1605
41.3871 30.6218
41.5965 30.7603
41.945 30.8062
42.2282 30.7542
42.5198 30.624
42.4332 30.614
42.2226 30.4934
42.2706 30.6743
42.5287 30.8918
42.384 30.9005
42.1432 30.9764
39.092 30.0283
35.7045 31.2341
36.7722 34.5557
42.923 38.5288
49.6871 43.7797
52.1087 49.2914
52.5491 54.0111
52.6875 58.5749
52.4643 62.89
47.4453 67.2127
44.772 76.0951
49.2906 84.8894
54.5718 88.7344
58.7507 89.1866
63.1898 91.3309
66.2802 95.8141
67.8203 89.9531
73.6835 75.3665
79.5725 66.3162
79.1159 63.8535
73.9962 60.9418
65.7272 51.2288
54.1993 39.8673
43.6908 33.1213
40.5941 27.6681
39.1224 23.7583
36.8497 25.2374
34.6419 37.6289
25.2342 53.1171
16.5048 54.9632
15.8354 43.5232
19.4536 30.9531
29.1826 27.8138
42.7035 28.6356
55.5017 27.9642
67.7525 29.9125
78.2754 31.2452
83.3823 28.1447
83.4723 26.0903
81.8386 26.1663
83.3055 29.8767
88.7973 35.4632
92.5966 31.9123
93.7331 31.7951
85.0886 44.0671
71.8869 55.9141
60.1142 63.6656
47.2946 64.4961
40.6474 62.2143
39.0068 61.9819
36.3013 60.2168
30.6975 62.4808
24.2072 69.3489
18.7219 71.9637
15.869 71.4062
12.9687 69.1547
9.99868 63.6073
12.3698 51.8476
15.6534 36.6905
15.6529 26.1847
13.3472 18.0206
11.4409 12.3067
9.07346 11.3937
5.9669 12.3776
5.10446 12.5546
12.6982 12.286
29.1541 13.5317
40.4605 13.9875
40.0888 11.0125
37.7212 7.86662
42.4406 7.41559
49.6412 7.78616
52.8771 8.93279
53.1589 15.6545
52.085 26.9412
48.1847 36.5204
44.5138 42.9019
41.7958 47.3366
36.8878 49.5806
34.0661 51.2719
33.2847 54.3735
30.3402 57.8989
27.9318 59.6107
27.6169 58.7661
28.7339 58.1231
30.5094 59.6434
29.4281 61.1175
27.1755 61.7712
31.9388 61.2639
40.332 57.9524
44.769 56.7924
46.8961 60.786
47.391 66.9386
45.1677 71.1442
43.8776 73.6752
45.9888 78.2667
49.2196 81.8582
51.2678 79.2516
56.627 70.3407
62.7813 64.1863
66.9582 61.6287
73.8159 57.5927
77.9354 52.1066
74.1056 46.3478
70.3194 40.5284
71.5801 35.7402
71.3998 33.0719
68.3554 29.3922
67.933 26.2589
67.6425 23.7924
65.0108 21.7865
64.2534 19.4988
64.8606 14.4705
66.1837 11.3658
71.6921 18.4069
76.8327 34.2419
77.3051 45.9849
82.3685 47.2626
89.1254 43.1816
90.6622 39.5583
91.1237 35.5519
92.3814 33.3636
93.755 37.8201
94.912 45.1953
93.253 51.2016
92.7038 55.5554
94.7245 58.5721
95.7343 59.554
95.636 59.6612
93.0142 62.9809
89.9123 66.4301
86.8081 67.259
85.6451 67.8941
88.0287 69.7385
91.2094 75.255
92.8223 82.2101
89.5939 83.9823
78.4511 78.2545
65.9918 75.0943
59.9303 81.5684
57.222 85.8612
52.08 81.7409
42.9201 77.5985
36.9951 75.6749
35.8096 75.9955
35.2246 77.1432
35.7754 73.9234
34.9208 67.1883
30.4058 63.8484
25.2378 64.697
22.3471 63.6354
19.2045 61.3315
16.7191 59.4963
19.5181 53.3004
27.2536 44.4121
37.1354 40.0326
47.6033 40.3797
55.7165 42.818
59.2229 45.3723
58.1314 50.4559
56.0734 54.9909
57.3542 55.5869
59.2658 54.7868
60.2492 51.5988
60.3221 45.5503
59.4041 41.2433
58.3708 37.401
55.1823 32.0041
50.6129 27.2223
47.9103 23.592
46.3657 21.9096
45.9499 20.3678
44.3364 20.3058
40.0838 20.165
36.9818 17.4097
36.9689 12.8773
39.6315 9.10238
41.6825 7.98543
47.9569 9.77513
59.7085 16.9012
67.3923 27.8704
73.0859 39.1303
80.1968 45.5534
84.1843 47.0614
83.1811 49.8456
77.0108 58.3461
70.9472 68.3842
68.254 73.1033
65.0519 76.0896
64.4397 83.7934
66.3222 91.3192
66.2442 93.7221
68.5725 95.7302
75.0571 98.0141
80.1149 98.9869
82.1137 99.1993
82.4137 98.9439
81.6801 98.4824
80.8546 98.9449
81.976 99.5553
84.1511 98.6894
85.2777 97.6197
85.5914 97.0209
87.6809 97.4841
92.6447 97.9274
98.3808 96.9561
100.601 96.5391
100.091 96.7133
101.968 96.2797
104.043 95.5732
105.71 94.3131
106.809 88.9973
106.639 81.7629
106.867 76.7503
106.329 74.2317
106.026 70.5747
106.04 63.2273
105.717 57.1101
105.954 54.4275
106.054 53.7422
105.851 52.7157
105.876 51.5886
105.773 51.4819
105.509 50.1387
105.496 47.1857
105.43 43.8393
105.158 39.2712
104.546 35.6441
103.446 34.9782
100.828 37.0616
97.5751 39.7272
95.8275 40.6672
93.0591 43.5376
87.2971 48.2862
80.0093 49.5653
75.4105 45.9701
74.0765 42.6502
70.4409 43.4667
66.3019 50.5649
61.9202 60.5098
56.6945 64.4893
53.6539 62.1199
52.219 59.5194
51.2584 59.2011
50.2086 56.6701
48.3604 55.1195
46.1284 54.9331
44.2646 52.8372
42.5068 52.6729
41.1924 50.9783
41.0162 48.031
40.4693 47.935
38.9768 48.5051
36.6727 50.9979
33.3432 53.0634
32.0546 52.0978
31.9172 51.6693
30.6094 51.4693
29.6341 51.5815
30.418 47.1099
34.112 38.1411
39.9926 29.9446
46.0487 24.3726
49.7408 22.9999
48.5048 23.4811
46.9319 23.4648
48.6364 22.6335
49.7965 22.0214
48.5855 23.2074
46.6039 24.9672
47.7119 24.7065
52.5948 19.5394
57.8772 13.103
61.6829 8.84386
66.0934 7.44207
69.4597 8.51844
69.5267 8.88315
68.2665 8.73951
65.0922 7.21884
62.7467 5.95072
62.2013 5.67368
61.1266 5.90255
56.4059 6.76526
50.8362 7.23013
49.8835 7.13799
54.1233 6.57553
58.2501 5.94128
57.5189 6.87119
58.2869 8.24151
61.9874 9.64137
62.9446 9.47238
56.0153 7.85271
47.7804 7.82559
43.6422 8.37006
41.3632 8.99273
42.04 9.6696
40.2151 10.6515
35.5913 13.8532
34.3773 21.8517
34.6748 31.953
35.4888 40.01
41.0798 45.5047
47.0422 50.4431
48.6169 55.4948
48.2986 58.3099
48.0485 58.5221
48.8241 58.2529
49.0698 59.2426
50.1988 58.0659
56.6761 53.3601
62.3247 49.384
60.8926 49.7217
59.041 51.5895
59.7422 51.8203
59.6247 53.76
60.3313 51.7459
60.7379 44.8602
58.8092 43.7787
56.6888 45.0974
55.0691 41.6864
53.167 35.1092
51.4759 26.1644
53.2943 19.0485
57.5547 17.32
61.2102 19.2288
62.8841 28.607
61.0718 39.3656
57.8435 42.076
58.5047 45.3436
57.2767 50.9169
51.4901 50.2359
49.6463 48.7007
48.8532 47.2353
46.7556 44.9239
44.3655 45.5456
42.1185 46.0158
42.0189 47.2714
44.8666 50.1124
50.8098 54.7933
55.6261 59.8215
57.862 61.0448
58.2328 61.1425
54.5385 63.5684
48.7226 65.5156
41.5144 66.2114
35.0176 67.9875
32.7956 70.0943
29.9069 73.3266
21.5354 75.4088
14.6843 69.4627
12.2289 66.0237
10.7176 70.7282
10.3583 74.7212
9.57869 76.0505
8.47786 76.323
8.51507 77.9652
9.70178 79.9693
10.3659 80.8758
9.60634 81.3612
8.69933 81.5918
8.49212 81.4717
8.87861 81.5678
8.18449 77.5856
8.65722 65.8396
9.77627 53.3716
11.0947 44.5609
13.1208 39.1935
12.9826 37.8119
14.1005 38.5966
18.2995 40.6897
21.1609 42.0408
22.2279 40.7459
23.7868 39.8133
24.3821 39.9881
21.1829 38.3121
13.4684 38.0002
9.50606 37.5204
11.2624 34.8833
10.0491 36.162
6.74185 39.252
5.42493 38.178
5.07657 35.0398
5.83289 32.6054
6.54676 30.0541
6.39487 27.2905
6.40159 24.9654
8.21957 22.521
14.0415 21.7321
18.5008 21.5652
17.0437 19.2493
13.2373 15.6307
13.0484 10.9971
17.0926 8.52148
21.5312 10.1595
31.3364 13.8243
44.0397 15.934
48.8864 13.4123
47.5137 8.29904
47.0664 6.50389
48.219 8.39497
49.6917 15.0275
51.1592 22.0808
51.6327 24.9088
53.7451 26.1554
54.0091 27.8855
50.0089 29.6032
45.158 29.5762
42.0749 29.4918
40.5764 30.038
39.533 30.8586
40.6799 32.0456
39.7607 31.3931
39.1573 30.3922
41.3937 32.387
41.3886 34.6776
41.106 34.8306
47.9125 33.5345
56.9051 32.4585
60.4257 30.1604
61.4535 27.9773
61.7765 25.9145
62.038 22.5057
62.7451 20.8485
63.9616 20.8474
62.9536 17.782
61.5758 12.1178
63.8585 9.41018
70.403 11.6635
78.8195 19.908
83.5327 30.4764
83.3537 36.5001
80.8771 37.6847
80.0389 37.774
80.5408 38.9792
79.9988 40.0659
79.0815 40.4879
78.4389 40.947
79.8816 41.9249
84.7814 43.4312
88.6615 44.7575
88.8173 45.7598
89.5547 49.3628
92.3208 57.6895
93.6036 65.1691
92.1784 68.0327
91.3301 68.9204
91.0261 71.0308
89.7415 73.9916
89.577 78.2763
85.9868 81.7557
78.0284 79.1883
73.0212 75.7756
71.7989 76.61
70.7326 78.7203
67.0852 83.1132
63.1931 91.0267
64.5162 97.7266
66.8543 100.808
63.0151 101.268
58.5108 100.647
57.2575 99.765
55.7453 98.6167
53.7445 97.6658
51.3887 97.2996
47.436 97.9083
41.8158 98.2126
36.4131 98.1325
32.698 98.6903
30.2734 99.3056
27.9066 99.8468
25.7562 99.2649
22.2825 97.5909
18.7768 95.1899
18.3339 92.0565
17.4557 91.6085
15.176 95.7555
14.1841 96.9984
16.652 88.0487
16.5379 76.2309
12.4769 68.8223
10.9103 65.0306
12.9314 63.7758
19.8588 63.8571
24.1957 63.2076
24.8322 61.9976
27.2476 61.2551
28.413 59.1397
28.2759 57.2531
27.9581 54.2922
28.2116 48.1957
30.7637 44.1175
36.2232 44.7512
45.777 47.2954
53.2821 46.1042
53.0741 41.1593
52.2936 39.6885
52.8925 42.4173
52.3378 42.556
53.1867 39.9355
53.4785 39.1787
52.4445 42.9239
54.1016 45.8832
59.059 45.1901
66.4143 43.1665
74.4876 39.3422
78.6276 35.5447
80.2746 34.6606
82.4879 36.4769
83.2464 37.6382
82.5438 36.1471
82.5304 33.904
83.522 34.3523
82.1163 33.7756
79.756 31.1162
79.0355 29.3993
79.7342 28.7799
83.7945 30.8069
88.4296 33.2233
93.8307 33.3167
101.028 35.4129
103.677 41.264
104.141 43.334
105.69 44.307
105.326 50.9084
102.909 56.2131
103.498 59.7174
105.354 63.3747
104.355 64.876
105.347 67.4494
107.743 70.3484
108.087 70.4375
107.341 69.2724
106.648 71.5366
106.424 78.3789
105.931 84.7277
104.36 89.1366
102.879 92.4321
104.229 95.7298
104.473 98.3619
99.5987 95.672
89.6352 90.4201
77.1212 84.5703
66.0277 76.2046
55.7674 67.4602
47.8718 62.3189
44.1735 62.6663
43.4608 64.2034
43.971 60.6458
45.0619 55.0707
45.8221 53.2097
45.0959 51.4108
43.7743 49.36
42.9242 49.0405
42.7847 49.132
43.3062 49.3053
46.1973 50.9644
47.7766 52.9975
46.7911 53.4762
46.7321 53.7836
46.9624 53.7674
46.9319 53.4622
46.6 54.0561
46.3859 52.06
49.5694 44.5396
56.084 35.269
64.6977 31.1814
73.3971 33.3342
78.4159 37.4729
80.5038 38.8072
80.0361 35.4993
81.8241 29.5132
85.6411 23.1814
87.8452 17.7399
91.1257 14.2317
96.0469 14.5918
98.7572 15.319
96.4242 16.0399
90.5647 14.2092
86.2618 10.2405
82.8965 10.2565
76.3627 11.4058
70.3541 9.48335
67.6782 6.98907
67.3883 6.42103
66.0209 6.53702
60.7319 7.39537
55.4738 8.45769
54.0395 8.94917
54.0348 9.43402
53.0744 12.8886
50.494 16.4007
47.4161 15.5405
44.4158 12.7947
39.7287 9.56666
35.9285 8.611
35.1589 9.9528
34.4723 9.35396
33.9517 10.4316
38.1779 14.3267
44.4968 17.7345
49.1027 19.7762
52.7154 19.9195
53.4277 19.5158
52.7261 19.4079
53.4449 19.449
52.8901 19.9196
52.3709 21.6101
53.9668 25.9613
54.5568 31.1039
54.2788 33.478
57.5467 33.0872
64.6226 37.2585
69.4991 47.8604
70.3289 53.9706
69.0938 57.6393
68.7971 66.9745
69.5818 75.3369
70.4998 78.1849
70.8211 82.1421
67.1378 88.4839
60.2132 90.4384
55.6873 89.7251
58.5636 92.9331
62.8949 97.3708
61.1277 98.9669
57.1799 99.8169
54.9247 100.642
54.4835 100.18
53.7886 98.9311
48.1283 92.0354
39.9917 80.176
34.2779 69.0826
32.3118 56.0294
34.4442 47.865
36.8049 47.8363
38.6483 47.1473
41.5497 41.9465
43.5526 32.4407
45.0464 22.3012
44.7926 16.673
42.2521 15.5867
38.6272 14.8717
35.4897 12.0842
34.6525 9.277
31.9622 9.04484
28.8431 9.88274
29.4797 9.51867
28.3113 9.59495
25.6706 10.455
26.5788 10.445
28.9205 10.0454
33.6523 8.41712
45.557 7.36891
57.1602 6.76662
65.224 7.9439
74.7522 11.6609
80.7928 14.8332
81.2507 17.9731
80.6071 23.3695
84.0583 30.9466
89.4939 36.6515
91.545 39.6468
92.511 40.7269
90.2805 44.5259
87.4578 50.463
87.7678 53.5154
88.3292 58.063
87.7413 67.0697
82.135 71.4074
76.2813 68.8307
71.9153 67.4635
65.444 66.7262
60.4618 65.9001
58.4326 66.7821
58.6006 68.2505
59.9911 73.2736
62.2948 81.5587
63.5588 88.4739
58.9926 92.5611
48.6266 90.7395
39.8914 85.8566
38.2667 84.0883
36.9914 85.8662
34.4115 86.8324
32.552 87.8245
32.5209 94.0218
36.0065 100.004
36.6242 100.151
35.1439 97.2228
35.2596 95.5643
35.3559 95.3856
35.1123 94.3972
32.5953 93.1772
26.3945 90.069
21.3819 83.2151
19.6934 75.2929
17.5003 70.4714
19.4838 64.9955
27.2548 59.567
33.832 56.6412
36.2988 52.0746
34.5056 49.5793
32.6022 48.6926
34.7678 42.6722
38.9804 34.658
42.4953 28.7616
44.6572 25.3717
45.8999 26.1632
45.9953 28.4969
45.8685 30.2623
45.9234 31.6028
45.304 32.7919
44.2841 33.3583
42.6925 33.5094
42.4379 34.1115
43.7393 34.8555
45.6828 34.3252
53.4329 33.0836
64.2893 35.6045
72.7088 38.3614
78.11 38.693
80.3153 39.6956
80.9547 40.0641
80.1756 40.9665
78.7819 42.5628
77.3616 43.2813
76.1093 43.5354
75.5412 44.0168
75.0788 44.5944
74.4137 44.3977
74.9927 44.2945
75.3836 43.8561
75.5494 43.3101
75.869 43.5569
75.0589 44.6289
73.6893 46.3325
72.9631 46.1065
75.8314 45.1286
83.7595 45.9764
91.878 48.8589
94.9861 51.5867
94.5564 57.7974
95.2411 67.3617
98.2863 72.5903
103.243 76.4506
106.178 83.1463
104.449 87.5072
102.845 87.9375
103.448 92.2848
103.256 97.9589
96.7457 97.6844
87.9528 97.4665
84.6667 99.436
85.1615 99.8487
85.5369 100.362
82.8321 100.13
78.6207 99.5262
76.0203 99.4118
69.4058 96.6202
57.146 91.8207
48.0646 92.058
43.2243 96.2781
36.0439 97.1885
25.2034 97.165
14.4767 98.372
9.47665 98.5359
9.2974 97.6961
8.32012 96.1876
8.10738 93.223
8.96651 91.9066
9.09513 94.3584
8.57307 96.2974
7.94062 95.0828
8.80328 90.3182
8.89269 83.1047
8.2086 74.6801
10.7691 66.0368
15.2688 59.9382
16.6749 56.2917
15.9361 52.1141
16.5185 47.9322
14.6398 45.5641
11.3478 42.8507
11.7864 40.4401
19.153 41.955
28.5186 47.3866
32.1326 51.0328
31.2807 51.2369
32.2488 50.9229
34.7633 50.4166
35.8973 50.2912
35.8971 49.1181
36.3941 47.9789
36.5066 47.6066
36.2758 47.5506
38.5631 47.5713
43.3636 51.0055
50.5048 58.4418
55.1033 63.7696
54.6962 69.258
50.2541 74.3716
45.6802 77.5523
43.7113 80.9929
45.7523 82.5811
54.5356 77.3083
66.097 73.2289
73.5428 76.4344
76.4473 77.9299
77.2615 76.729
78.2711 74.7831
78.1939 72.8702
76.0246 72.6845
75.3185 74.4035
75.0646 76.7661
74.311 77.9309
74.7937 77.9355
75.2131 74.2605
73.1869 67.554
70.3046 62.6617
69.0284 59.6322
66.5518 53.6978
62.0472 42.9851
57.4538 32.2176
52.9615 23.1962
51.2446 18.7653
51.9568 17.2876
54.7103 12.155
61.9058 6.80287
71.5403 5.4023
79.8406 5.53251
85.5666 6.24854
91.5456 6.43228
95.0729 7.9224
93.8478 12.4301
92.9496 15.0384
94.759 12.7575
96.2197 9.53212
94.5199 10.2168
92.5419 12.5128
91.8537 13.9849
91.399 14.8082
91.2907 14.8618
91.2337 14.7825
91.046 14.835
90.9377 14.7881
90.8327 14.7881
90.5451 14.2268
88.4569 10.6183
85.6562 7.31308
84.5029 6.55184
84.3754 6.81596
84.6599 9.43183
86.5244 15.6485
86.9869 20.6534
84.8112 20.6074
81.7572 18.9924
78.7485 17.7685
77.9218 16.6895
77.6626 15.75
77.4515 15.778
77.4917 15.9421
73.185 17.1541
60.3189 20.0654
42.3353 23.2312
25.5624 25.2216
15.4347 25.6136
15.1135 25.7588
17.7006 24.5219
15.7741 23.5137
10.406 24.5831
8.55899 25.9673
8.72162 23.2979
11.0972 19.8407
13.6187 19.3132
11.083 19.7611
10.1365 21.2529
7.53865 19.546
5.21663 18.3774
7.34919 27.8923
10.1652 41.0059
10.3507 48.2829
8.66321 52.2855
8.96705 55.3361
9.75906 58.2223
9.96431 60.9121
10.1308 63.7344
10.9952 64.6251
13.1163 62.5625
13.6654 59.6349
12.609 57.5121
12.4079 55.3116
12.7352 53.9538
13.4771 54.1727
14.583 53.356
15.4576 52.2155
15.7983 51.8765
16.0776 52.091
16.3011 52.4602
16.3434 52.4384
16.2061 53.7496
14.2282 62.0559
13.5013 75.8541
16.9945 84.0777
20.8893 86.185
20.6792 89.7197
16.9392 93.1374
15.4493 89.8823
15.263 84.5094
14.8485 81.0154
15.4271 78.4113
15.7438 77.9617
16.0923 78.7409
16.4844 79.5016
16.6397 79.7886
16.5099 79.1688
15.9781 79.0954
17.8894 84.239
26.2604 87.3728
33.1806 83.9785
35.2391 80.3093
39.4793 76.632
44.8506 72.2314
48.2459 70.007
52.673 67.3591
58.8813 62.55
61.6044 58.4013
61.8149 56.91
62.0256 57.5064
60.7713 56.9595
60.5397 57.0532
61.4425 55.0748
61.7262 48.1005
60.4274 38.6755
58.0972 29.9311
57.5683 25.4868
57.765 23.6559
57.4664 22.8586
56.2584 23.5309
55.5788 24.1959
57.2827 25.2707
58.5712 26.8591
58.7775 28.2051
59.2525 29.3417
59.3037 30.079
59.2077 30.1075
59.1641 30.0293
58.8546 29.9862
52.6809 28.4561
38.6805 26.5442
29.8204 26.53
29.615 26.9632
31.4197 26.8488
33.2409 28.1165
34.776 29.9365
35.8359 30.7901
32.6367 29.9675
23.4104 27.3945
15.0488 25.9666
11.8543 25.9863
11.2153 25.6831
12.9643 25.0046
15.9225 24.7322
16.6583 25.1518
16.0678 25.5746
16.4247 26.3972
17.0375 27.4532
17.3186 28.0519
17.1075 28.7769
17.3467 29.0377
14.6698 27.5229
11.0858 26.9418
10.6462 25.5254
9.09864 22.2402
8.23748 20.7277
9.59885 20.2017
10.875 19.9289
9.69756 16.7677
13.8396 12.7253
26.56 14.442
41.021 19.6884
54.2231 23.6496
62.5995 26.5165
65.8827 28.906
66.9752 30.233
67.2305 29.8821
65.7922 29.124
65.3166 29.5918
64.9979 29.1127
64.0236 28.2221
64.0084 27.7501
63.5641 28.365
63.011 30.9105
62.9336 31.8053
62.6727 31.6339
62.3572 31.6434
61.9474 31.0044
61.4204 31.6559
60.6435 32.0102
60.0156 31.384
59.9419 31.7462
59.5494 32.33
58.9017 32.2107
60.7621 29.4765
64.8036 27.6265
67.4774 29.2489
69.2433 35.7126
66.7531 49.1432
60.5237 60.8421
59.2357 64.4891
64.3178 69.7928
71.8338 81.844
78.861 93.9121
87.4391 97.4562
94.7632 93.3593
96.9293 84.3059
97.8491 71.3021
99.4298 59.355
99.288 47.2515
97.4347 37.1236
97.3319 35.1946
98.5764 37.8993
98.7025 39.6314
97.8428 41.9891
97.8407 42.6795
95.9483 40.3391
89.1103 41.1392
84.438 44.8943
81.6604 47.3514
72.4883 48.9294
56.7483 51.3919
42.9633 51.1934
35.9437 47.4189
27.6967 46.3765
16.9923 47.5569
12.7665 45.0844
12.5704 41.7185
12.6972 40.4646
13.6584 39.2197
11.5214 39.2965
11.0456 41.8185
11.937 43.6763
10.6541 42.3456
10.9098 40.0178
11.9761 39.6006
12.2138 40.3018
10.725 47.1882
12.7071 59.9721
15.7678 70.5748
16.2303 82.3102
14.9178 93.264
11.9356 99.3277
11.4011 101.456
13.0805 99.5247
14.9683 95.9998
15.6174 93.2247
15.5632 90.8834
15.974 90.013
16.8062 91.8172
19.6013 96.8453
25.4199 99.9828
30.8707 99.4769
34.2113 98.2052
38.6713 97.2565
43.0938 97.3483
41.978 96.3344
38.8713 95.3464
36.2378 94.7566
35.1439 93.5493
35.2095 92.6373
34.8479 92.0049
34.8974 91.7533
34.348 92.5084
33.1294 93.4157
30.7513 95.1816
26.9019 97.3381
21.4204 97.7924
19.1479 97.4874
19.9894 96.5816
20.2876 95.6472
20.5471 94.928
20.7382 95.3296
20.593 95.172
20.5071 94.0907
21.4573 93.1976
22.4947 92.301
23.1574 92.5168
23.6867 94.3642
29.7193 96.13
34.93 92.0919
31.9635 86.8853
27.005 84.3268
23.0978 83.6171
21.4112 82.3697
22.82 76.4771
28.106 70.5034
37.8121 64.6022
50.1601 56.2974
59.8556 48.0789
65.1766 43.5923
66.2508 43.8335
65.5705 45.1761
65.0388 46.8198
64.0983 49.6003
62.9616 52.4501
61.3122 53.5823
60.0543 51.2554
58.2206 43.0373
51.6782 31.2944
44.5435 24.5163
41.291 23.8858
36.0112 29.3361
26.5254 38.8796
18.0799 45.1406
16.061 46.4179
18.4309 45.0657
20.9883 43.3862
22.4079 42.6302
22.6152 48.0981
23.2049 58.9841
25.9639 67.0965
29.2901 73.3051
26.5176 79.1946
23.058 83.701
23.1773 84.3854
22.5144 82.1158
22.5382 79.6246
22.8421 77.5303
22.7439 77.0901
22.9166 78.5521
23.198 85.7205
24.0388 92.9596
24.7998 94.9543
23.9984 95.2477
22.8938 93.6898
21.89 91.5977
21.3738 91.0162
21.6168 91.0799
21.7514 90.9643
21.9625 90.8425
22.4188 90.7783
22.8478 90.9212
23.0053 90.9782
22.9807 90.9368
21.724 91.6815
16.2304 91.1929
12.4687 87.3489
13.0738 80.7383
12.2142 76.6665
12.305 75.4656
12.9075 76.4469
13.657 78.7727
15.0262 77.4423
12.4915 71.2228
9.39637 62.5396
8.40368 55.4608
7.46654 46.7817
6.74175 36.0025
6.8794 26.3884
6.8303 17.1001
7.74767 11.9475
17.7718 12.7915
31.9172 14.6859
43.459 17.8873
53.9284 22.2616
61.2875 26.3073
65.074 28.9742
66.609 29.0317
67.467 28.2776
67.6463 27.5956
67.7177 27.7937
67.6914 28.5566
66.4349 30.298
64.8662 31.4465
63.5726 30.7872
62.4823 31.4184
60.7507 32.5866
58.4909 32.8066
57.7857 33.2164
57.4216 33.8386
56.5087 34.2913
55.7708 34.7758
55.5317 34.6798
57.5603 33.4354
60.3603 29.7853
59.8749 27.2668
58.8667 27.8846
59.5497 28.0407
62.5706 28.4681
66.7876 27.2299
67.6605 25.332
67.8277 26.1736
66.9744 29.2516
64.7256 33.5131
63.9571 36.2455
64.1818 36.7649
65.688 37.7223
67.1058 38.0108
68.9782 36.9989
70.3552 37.0193
70.0622 36.7832
70.7629 36.4892
77.3055 42.7769
88.3452 54.3359
96.0998 62.0454
101.003 63.5758
99.7473 64.7556
88.2376 66.7762
78.7708 67.2324
75.6664 72.1923
73.2929 80.002
71.2251 83.288
72.7456 85.1992
74.8785 89.5911
67.1389 89.5695
55.3745 82.9697
48.563 78.0011
44.7737 81.5242
43.9998 89.4121
46.7031 95.0177
47.8659 98.4386
45.8998 100.65
44.662 101.739
44.7033 101.978
44.3247 101.608
42.3823 100.146
34.9754 95.3735
26.9653 87.8776
25.8521 74.4257
27.9594 58.0658
33.3222 46.2618
42.1979 38.7453
50.2405 34.4815
57.5393 30.9149
64.5813 33.8283
70.8645 39.9009
73.0497 47.5237
71.5253 53.9479
74.7165 54.4779
81.5707 52.1216
81.8551 45.4949
78.3461 42.2694
80.1371 43.0798
81.2045 51.2678
73.5658 66.0454
61.4479 74.5601
54.965 77.1519
51.125 78.8472
46.4714 80.9382
44.1365 81.8814
42.1262 79.9403
41.3389 79.8098
40.8317 78.7519
40.7054 77.7762
44.725 84.8045
47.0624 92.6436
45.7748 96.7603
46.425 99.6095
46.9149 101.195
52.632 98.9524
62.6655 96.7989
66.3821 98.5973
66.8732 99.7141
66.9173 99.4567
65.6269 98.6069
65.9785 96.8079
70.4225 93.4127
75.4528 89.5488
78.7332 85.4887
82.3385 83.2094
88.1117 82.5611
96.9374 78.7331
104.234 74.1164
105.489 68.034
104.022 59.6681
101.84 54.2143
97.1012 52.3944
90.6338 50.268
83.2064 46.671
78.0912 44.7586
75.4379 45.8566
70.0396 47.5155
58.0284 46.5757
48.1607 46.0487
44.928 47.4903
41.2325 42.1282
36.068 31.2412
30.8314 25.7446
25.491 28.932
22.0587 30.6988
30.6178 23.4436
47.3165 16.6081
59.1817 19.3325
63.7015 32.4042
63.1144 49.4913
59.8849 63.4847
59.6136 75.7606
60.8204 87.1671
57.8367 93.1038
53.5921 95.1691
54.6575 98.7426
60.706 100.824
66.991 98.9854
73.1266 97.8272
76.8319 98.0162
80.9015 97.1982
87.1021 95.9487
91.4049 95.3631
90.4003 93.038
85.5021 88.6578
80.1584 84.9826
80.1699 80.089
87.3319 73.2573
94.9028 69.1287
100.714 64.891
104.876 56.591
105.986 49.5404
104.276 42.339
103.375 37.8565
103.755 38.3834
102.996 38.4004
101.893 34.9849
100.11 31.2112
94.0272 32.5139
87.3617 33.9202
85.378 31.8815
80.3851 28.933
68.3161 28.103
55.1714 30.026
45.7589 31.6279
39.7365 34.3427
35.1535 38.307
29.303 34.7707
24.9977 27.8664
23.9112 26.7263
25.359 27.7503
36.9175 24.1066
53.4763 20.4502
59.5581 18.2952
53.6485 14.0785
50.3783 11.4248
55.7607 13.9567
66.7358 25.7591
75.3805 38.5169
78.4905 44.7192
80.4682 41.9248
80.5259 31.5641
84.9369 23.4282
95.1415 19.034
102.176 16.512
101.236 11.8094
97.6364 5.21618
90.9767 4.54667
80.2783 6.5414
74.7277 6.03704
75.1288 5.41883
76.2479 6.79168
76.7839 8.71016
77.8092 10.9935
80.7067 16.0592
83.6847 21.5977
81.729 22.3369
77.8342 18.2818
76.3186 14.7223
75.3377 13.6968
74.569 13.4968
72.9391 14.0486
68.3318 15.4818
63.8872 14.7324
63.8998 10.2611
65.8988 6.53413
66.2435 4.52631
64.4195 4.8736
62.8454 6.76999
61.4894 7.56464
59.7186 9.79486
61.7115 17.341
66.0543 26.2846
67.5982 29.9322
63.0368 34.2049
53.2765 39.7494
48.2486 48.0823
47.0739 60.4757
44.0411 71.5603
41.806 78.5398
44.3653 79.4794
49.5419 77.572
50.9152 77.0736
50.9737 76.7008
51.1683 73.3318
53.5105 66.8974
60.2641 59.5797
64.7886 53.8864
67.0436 51.187
69.4909 48.0693
69.4901 43.442
69.7789 41.6262
68.038 40.142
63.476 37.6261
61.3753 34.043
58.8824 32.3086
55.3566 32.7661
59.443 31.5707
73.0965 34.7865
84.5483 40.1394
92.4524 44.7043
99.7228 52.5233
99.6691 62.0696
98.5949 69.1009
101.853 72.8281
102.665 76.7633
102.204 79.5173
105.652 79.6144
108.872 79.3083
108.554 81.9519
108.356 85.0448
105.965 86.1732
99.8946 86.0966
93.83 84.0648
88.6345 80.2098
84.9664 78.2823
83.5767 79.4896
83.2466 74.8623
81.9086 66.5556
77.1878 58.1228
69.045 45.7356
59.3923 34.9738
50.675 26.8754
45.9791 21.1848
45.5063 20.913
44.4067 21.7336
38.8199 24.2091
32.6022 27.381
29.1685 26.5386
26.9239 23.4957
23.1554 20.3489
20.2798 20.4081
16.9539 19.1848
12.4305 13.7399
8.89883 11.6886
6.13316 16.9349
6.30757 26.0408
7.31114 33.5084
7.50775 36.0765
7.51668 35.5426
7.32787 34.5848
8.16284 34.4125
9.71554 36.7389
9.17155 39.4096
8.50914 40.4841
9.07936 41.6471
8.94083 45.5245
8.94922 50.7361
9.42398 52.6128
9.64737 53.6272
10.025 58.4274
11.4455 63.4755
13.6786 65.2584
12.7831 70.0426
10.6952 78.4383
10.6489 85.6574
11.6269 91.6566
11.7458 94.327
12.7932 92.5064
16.1981 91.3092
19.8735 91.9379
24.2148 95.3099
25.5081 99.7333
28.2247 100.069
35.6038 99.0607
40.3389 98.9496
43.636 98.7759
49.3018 98.0745
54.1521 97.3034
55.1939 96.4673
53.2137 95.2479
50.199 92.9052
47.232 90.2358
46.8381 87.413
49.7632 83.5128
52.1633 80.3845
56.1351 76.5196
64.5169 71.6627
67.8637 68.2475
64.6009 65.8742
62.1367 62.3442
61.0196 54.4124
59.8427 47.6217
58.4206 46.1684
59.6789 44.174
66.9415 37.7455
73.7596 31.5442
77.2403 29.7927
83.4662 29.8018
90.5834 31.4887
96.0133 34.1931
98.5927 32.866
98.747 30.7894
99.0116 32.2896
99.7239 38.0983
100.028 45.5791
103.105 49.9504
107.265 52.7693
107.406 57.7699
107.434 62.5028
108.042 63.7689
106.65 64.537
104.11 67.6095
102.746 72.2965
104.687 77.176
106.409 83.7427
106.242 91.1957
106.267 96.5927
104.614 98.9289
99.1535 98.7923
92.2903 98.2311
89.5037 98.7154
87.8688 99.0715
82.0996 98.9967
76.6592 98.7666
73.796 98.6496
69.5838 98.8656
67.1304 95.5254
67.0595 85.3185
64.6768 72.8896
60.7999 61.9987
56.4779 54.6705
52.6887 52.6429
51.0175 53.3818
46.2771 54.6066
39.1044 54.5625
36.5945 51.2874
36.3667 46.4377
34.2666 44.1219
32.3938 43.3165
32.3855 42.9266
32.5613 43.7449
33.6812 49.7297
36.5676 58.9185
38.9772 65.4256
40.3613 68.9639
39.3672 70.5149
34.891 70.0211
30.321 67.2531
28.1321 66.1109
28.7138 68.2213
27.939 74.1083
22.0696 78.5472
16.1215 78.6815
14.1556 75.4065
14.1287 71.5359
14.954 72.9747
20.1012 80.6828
26.5555 88.6373
32.1778 92.4561
35.9818 96.9021
36.8207 100.548
39.255 100.719
43.7236 99.7919
48.4764 99.465
50.3086 99.3818
51.062 99.2063
51.4557 98.9724
54.3041 98.8413
60.2848 98.3143
65.42 97.7849
70.0456 97.6975
73.6004 96.4843
75.6834 95.1751
78.712 95.7604
80.8679 96.6926
82.0856 97.1555
83.8114 97.6788
83.24 96.1731
79.7441 94.4568
77.852 92.2045
77.2304 89.1112
80.0389 86.4085
87.4707 84.3916
89.5076 80.9744
87.0454 75.7707
81.5732 77.6071
76.5674 82.7333
76.4548 82.0996
75.4324 75.9328
70.7217 67.4281
65.0827 59.6097
60.1542 54.6705
57.1096 52.7307
58.8538 50.4198
70.0791 47.9087
81.7922 47.3152
82.5738 44.3608
81.6672 40.6789
87.5518 42.3448
92.0597 43.1803
92.214 40.5042
93.4742 38.4874
96.0675 36.7655
98.373 35.2916
101.487 37.0679
104.927 42.7834
105.771 49.5415
104.195 56.801
104.894 60.1584
107.376 57.6413
106.045 58.2964
103.273 65.8412
100.247 74.1179
93.5028 78.8396
87.3727 83.067
84.6231 88.5815
82.3947 92.5148
79.8388 94.4445
77.9954 97.8152
75.634 100.341
73.3055 100.248
70.616 96.7683
60.675 87.0835
51.3832 82.0978
50.7266 84.5067
52.243 84.9294
52.9708 84.8378
53.6026 84.2977
54.6278 83.7421
55.3798 83.7819
55.1573 84.0376
55.733 82.6184
56.5772 79.1852
55.0362 71.6482
50.9446 61.8713
47.6477 58.417
45.7807 58.1468
42.6288 58.756
40.4227 58.0998
40.4843 56.5147
39.6437 50.7838
38.497 40.7013
38.5149 35.3344
43.7506 30.8211
49.1132 25.6414
49.4988 23.105
53.9201 21.4295
60.1408 18.7906
64.4995 16.4846
67.8379 15.6508
68.6076 14.5951
69.1633 12.9156
69.7912 11.155
69.2383 10.311
68.1508 9.92435
66.0558 9.54492
64.803 8.56743
64.5234 7.26324
64.4534 6.60253
66.0051 7.01042
67.5798 9.3536
63.1116 13.31
55.801 16.7819
53.4026 18.368
52.2219 18.2362
51.488 16.3542
53.4564 13.2322
55.2288 9.35964
56.1434 6.91814
55.6607 6.89429
54.0096 6.60917
52.851 6.54384
52.6808 6.81105
52.8631 6.698
51.6913 7.31341
50.2938 7.93172
50.1206 8.08027
50.4546 8.10871
49.1821 10.1071
45.5098 11.7017
43.1412 9.53805
42.6871 8.05228
41.2918 8.55438
44.2591 7.85416
56.3213 5.90214
67.9036 5.33018
72.4141 7.76328
74.1147 10.012
75.0044 9.9941
76.3431 12.4343
78.3728 15.5537
80.6953 16.0028
81.4716 15.6202
78.6284 20.0508
75.4311 29.4065
75.4126 35.4215
79.6006 34.3979
83.3952 30.2715
84.8374 31.0747
83.3603 40.8274
76.6332 51.2598
69.1661 56.0149
64.0053 60.1067
60.3551 62.867
58.4429 63.2753
59.2194 64.2319
60.7254 65.4646
60.5696 66.6422
57.8122 67.8318
57.1258 68.6888
61.879 70.1223
65.1201 70.7602
65.7779 70.394
67.1536 72.4415
67.4251 75.782
65.8383 77.705
66.0868 78.0509
70.0252 76.2672
72.403 75.5042
73.1721 76.7096
73.444 77.4811
72.9581 76.932
68.4184 77.7068
56.5296 78.2909
45.3423 77.5011
40.3838 76.3847
37.5774 72.127
34.7324 68.4084
33.5095 67.0551
34.5937 65.0409
34.9799 62.8454
33.1573 60.8564
29.3048 58.9
25.1279 57.8703
23.8526 53.6414
25.0951 42.8316
26.3489 31.8281
25.1826 28.4057
21.6039 32.0939
18.083 33.0115
16.1042 29.9067
14.4791 29.6486
13.9085 30.1613
13.7785 31.7743
12.3895 34.1726
10.6027 34.8574
9.93929 34.5514
15.0452 28.5278
23.3929 20.6425
25.2795 17.8084
22.9747 17.2377
22.3044 16.6822
25.1345 15.6341
31.4218 15.1271
37.3749 17.3987
40.9638 22.4447
45.2163 24.6292
48.2662 21.4085
49.7975 19.5566
54.637 24.4142
60.4394 30.4155
64.2323 33.3931
66.1158 34.0976
65.9346 31.3955
64.6453 27.2454
63.7986 25.2971
64.3592 25.4144
67.0465 31.1326
69.7887 36.933
72.763 33.5859
77.3785 30.3878
81.8958 39.3301
84.9249 53.7851
85.7275 63.1161
86.7465 66.6488
88.3936 66.6383
89.705 67.1659
90.7478 69.8384
91.7738 73.265
93.6042 74.8964
91.8751 76.1958
85.2928 77.5286
80.9166 78.3942
80.1273 79.103
78.1983 78.0742
72.6155 75.2884
66.6481 74.0597
65.4666 75.2564
64.6764 76.3338
61.7811 74.7198
59.7744 71.6835
53.7647 65.057
44.9835 56.9398
38.9467 55.1824
34.9184 55.7352
33.076 50.6753
31.3486 46.3648
29.9051 48.4325
29.7157 50.8994
30.3622 46.6897
34.8263 36.6777
41.3064 29.2043
43.0663 25.8912
43.5152 25.5141
48.5173 24.6706
56.2055 25.0344
63.6041 27.3393
71.0755 29.0515
79.4701 34.0622
84.5016 38.8821
85.6211 35.1508
86.4281 28.9064
88.0231 27.4012
87.715 26.8347
86.011 24.9098
89.5447 22.0384
97.4456 18.6616
102.857 17.1216
102.66 13.6668
100.473 8.25901
97.4146 5.67547
93.0421 5.28868
89.5634 5.11491
87.184 5.46286
84.9728 6.20644
83.2017 6.16296
82.4393 6.15829
82.1187 6.49776
82.0371 6.64129
81.9461 6.58434
82.3482 6.65918
82.9045 6.67257
82.7012 6.70162
81.4663 6.75136
80.4218 6.55364
80.2 6.18332
80.6591 6.18612
82.881 6.62175
86.0624 7.15178
88.4619 7.66226
88.854 7.98175
87.7542 8.41576
86.8276 8.49341
86.4081 8.31748
88.687 8.94414
91.3291 10.5688
92.9319 11.093
94.5171 10.5895
94.8381 10.7736
94.7398 10.7931
94.4801 10.8825
94.4888 10.4916
90.038 9.45313
84.6168 8.78497
83.4048 8.33033
82.8933 7.35737
82.5146 6.32633
81.8377 5.97779
81.325 5.93869
81.2747 5.84933
81.6612 6.11854
81.8432 6.14309
81.8667 6.07718
81.9828 6.41006
81.5969 6.1777
80.6423 5.77693
79.8239 5.91281
79.5256 6.38761
79.3004 6.80314
79.2887 6.91065
79.5219 6.69325
80.7047 8.04442
81.9925 11.1824
84.4434 15.9029
88.1702 23.049
89.538 31.826
89.7073 40.035
89.7102 44.2965
88.9464 45.2496
89.1625 45.7546
89.0074 46.5376
86.2519 50.536
81.9358 57.4716
77.5616 62.6727
75.0231 63.5211
75.6691 63.954
76.852 66.5284
77.3212 69.1385
78.1668 71.5777
82.2772 75.7563
85.7642 80.9674
84.9592 83.5829
83.1444 84.458
80.4308 85.3713
72.8426 87.2344
68.1658 90.1069
68.1177 92.0505
64.8297 93.8227
64.2409 97.3667
64.1336 99.5388
63.1998 99.8722
63.1171 100.052
62.9424 99.5359
62.6051 97.9989
65.9958 98.3639
71.6905 100.015
73.2304 100.145
73.7839 100.047
74.5397 100.206
74.7524 100.358
75.5176 100.56
75.9337 100.853
75.2288 100.917
74.5391 100.801
73.728 100.821
72.5564 100.997
68.4063 100.786
64.315 99.7662
61.3434 95.6045
55.2075 88.1548
49.9601 81.9367
48.8438 78.7333
46.0886 74.9012
39.6329 69.5518
38.4578 64.8546
38.938 66.9923
37.5335 72.2332
37.6397 74.2177
36.9829 74.9426
37.1434 68.7533
40.3237 59.9495
44.0482 55.1771
46.1305 51.5065
45.8227 49.6865
43.4996 49.6945
45.1391 47.8116
50.8431 44.5525
57.1527 43.6395
61.7128 44.8583
66.0354 46.4389
69.0328 47.923
67.697 46.1171
63.1831 40.4319
59.0198 35.8807
57.8643 32.0044
58.4538 23.6386
61.3266 13.9104
62.5049 8.33361
61.6321 6.52023
62.2178 5.40108
67.2301 4.39321
73.9934 5.05758
76.218 6.24291
75.6691 5.68037
75.8085 7.20407
76.4995 16.2211
76.9811 26.9604
77.0839 33.5164
78.9773 32.8631
80.6181 29.7111
79.8803 30.9885
84.5019 37.5634
89.815 49.1318
89.2872 62.8915
90.1806 72.5934
92.7836 76.9868
93.6545 83.3388
96.9442 88.3478
102.141 90.3508
100.969 93.6445
97.7251 96.6165
99.8849 98.3368
103.184 98.8581
104.997 98.6374
106.58 97.3991
107.496 96.327
107.081 95.8479
106.451 95.0895
106.814 93.0464
107.017 86.9284
106.325 80.2255
106.341 75.574
106.707 74.0497
107.047 75.1491
107.25 76.2375
106.746 77.7494
106.464 77.7609
106.076 76.2149
105.908 75.486
106 75.2424
106.003 71.9062
106.208 65.9742
105.982 60.0624
104.756 56.3975
103.276 56.445
102.767 57.6582
102.1 57.9921
100.774 57.5586
99.9457 58.1863
98.1697 60.5734
96.4515 62.554
96.47 63.7649
95.8607 65.1718
92.9458 64.9875
90.3542 63.7541
88.7391 61.8224
81.743 58.5155
71.9692 54.2039
67.4525 51.9282
65.2389 57.2669
56.8954 65.9175
44.9684 72.1548
37.888 79.185
30.3416 84.1822
21.9579 82.3832
18.828 77.6681
16.6132 76.4627
16.2458 81.6215
21.4337 87.2101
24.6022 90.6535
23.0936 93.5935
22.3831 95.8455
18.9539 97.2383
13.2849 97.0359
13.5774 98.8915
16.2174 101.37
16.8285 101.764
21.6058 100.956
28.1743 98.9908
32.8969 98.565
37.7027 98.5924
43.664 98.1777
50.6799 97.5046
55.2757 95.61
59.6608 93.5541
63.4554 92.4225
66.6019 93.9038
69.0466 96.1054
68.6576 95.0693
66.3857 91.4197
61.5946 87.5986
54.9294 87.0722
50.648 87.3601
49.4551 84.1228
47.4991 76.4425
45.8362 68.0255
47.1628 64.3225
47.7814 64.1924
44.354 63.6204
39.5179 55.0981
35.0787 41.7014
32.3419 32.923
32.0231 30.0343
30.6077 24.427
27.6603 14.8907
26.4756 10.1892
26.987 8.81205
27.2157 8.57693
26.397 9.64719
23.7694 10.6985
19.968 11.4362
19.3211 10.9059
25.1234 9.07755
34.5111 7.29449
40.7912 7.59156
43.9007 8.48043
47.0891 7.96731
51.3661 6.99591
57.1548 5.61172
63.0948 5.32611
66.967 5.71615
69.8575 6.08792
73.2842 6.38657
74.9659 6.06202
75.1387 5.83188
75.6687 5.6213
75.986 5.41014
76.1798 5.39058
76.6294 5.47941
75.0505 5.53863
75.1394 5.4269
77.8224 5.34256
79.1081 5.33084
79.932 5.19845
80.8652 5.26716
81.7946 5.29511
82.2699 5.20183
82.242 5.23088
82.0811 5.22864
82.1404 5.16607
82.7112 5.15993
83.3284 5.17389
84.3472 4.9834
85.2425 4.77281
83.9361 4.97727
80.7958 6.2061
76.3754 8.86358
72.2923 12.2845
70.7412 14.2102
71.0227 14.0644
71.4383 13.8958
71.0208 13.1152
68.9933 10.5347
67.3489 7.87549
66.6181 7.41796
66.4113 7.68736
66.5753 7.77528
66.4798 10.7112
64.7335 17.8711
61.1948 25.2054
59.4855 28.8004
57.3286 31.4863
52.765 38.2155
46.6463 45.3002
42.3103 48.0113
36.1862 50.4153
23.0435 51.2959
12.298 48.768
7.90245 45.2168
5.94272 42.883
5.2764 41.3387
4.8351 37.313
4.77827 34.9059
5.37882 34.7545
5.48441 32.813
5.4449 34.8789
6.3234 45.3212
7.29942 53.3073
7.64119 55.3293
8.7164 58.4387
10.2451 60.9735
11.046 62.5483
12.2408 65.3705
10.8713 68.7884
8.71863 70.3343
10.4143 69.9982
12.9585 69.3611
12.3586 70.4223
10.8035 73.8293
11.2526 76.8353
11.5676 79.1158
11.5341 80.9333
11.199 81.5784
11.4302 82.032
11.7408 84.4125
11.6979 86.7601
11.7013 88.7774
11.5453 90.4467
11.543 92.3017
11.5442 94.5849
12.0658 95.5283
12.9539 94.3017
14.1481 88.6759
14.6599 83.7628
14.5543 81.6761
14.9251 80.5043
15.3245 80.5558
15.673 80.5705
17.8816 82.8404
21.857 84.9706
23.3392 82.623
22.4929 79.945
22.1769 78.8144
22.5233 77.3631
22.8737 76.6656
23.5716 77.1522
23.9637 77.9197
23.6904 78.2967
23.7425 77.817
24.0764 78.1214
24.2409 79.2865
23.8677 78.9378
23.7065 77.7748
24.0371 77.0137
24.5793 76.5938
26.9265 74.0429
32.5387 66.76
39.0847 58.1968
42.2214 52.3158
42.9132 48.7893
44.5247 46.4243
46.6199 46.3194
47.7889 47.0005
48.5425 46.9071
49.141 46.9457
49.3963 47.0816
49.1132 47.2412
47.989 47.6766
47.1142 48.4631
45.839 47.5996
45.4185 46.149
46.5206 47.2724
47.3223 49.4703
47.8691 47.9848
46.9605 38.0189
46.354 24.6918
47.6905 14.0628
46.5272 8.69053
44.3143 8.08888
45.2103 7.10648
49.9664 5.88637
55.8296 5.87455
58.2919 6.08807
55.4166 7.68351
48.9592 12.6572
45.9316 15.5775
45.75 15.4516
45.42 15.8706
46.0789 16.4058
46.5529 16.9124
47.4797 18.1324
48.5804 20.5784
49.6085 23.0999
52.3704 23.6239
54.8495 21.5699
53.3807 18.8768
51.6338 16.9702
52.2965 16.4438
52.6731 16.6095
52.8079 16.3273
51.9146 16.1979
50.721 16.5395
51.3372 16.9184
51.6075 17.3393
51.7086 17.8527
51.9919 18.4142
51.1507 19.3584
50.4285 20.4329
49.6783 21.1663
50.0068 21.789
50.7168 22.294
50.3241 22.7826
50.0259 23.3535
49.5985 23.0131
45.2927 18.6445
36.7883 12.7628
31.1275 10.4203
28.823 10.3264
27.6797 11.7474
30.6015 15.0883
34.6297 17.1064
35.6524 17.2796
36.0099 17.5152
36.813 17.5866
35.1299 18.1529
28.3651 18.1784
21.2544 18.1907
16.1949 15.7466
11.7273 11.8912
7.81682 12.3777
5.45193 14.2147
9.13834 14.9012
14.3095 17.3419
16.7879 19.6113
17.4213 19.8242
17.5084 19.9801
18.3326 19.8029
13.8894 22.4307
9.21529 29.0098
8.22834 34.6086
7.04093 36.0562
6.6511 35.5178
6.5696 35.4128
6.70732 34.0993
7.24546 31.9029
7.2887 31.5051
6.93364 31.9812
7.75235 33.1643
8.72201 33.6832
11.1835 32.2834
13.1514 30.3521
14.081 26.6606
15.8433 23.8833
17.2201 23.9254
18.2579 25.1566
18.3138 24.4844
18.5126 23.2602
18.8051 23.2778
18.6841 22.9153
18.5812 23.3734
18.4826 24.0485
17.467 24.4612
15.9118 23.0912
13.6249 21.3625
11.8437 30.159
13.0332 45.1982
14.4152 52.767
20.6008 50.719
32.1497 48.8589
40.5122 50.5468
44.7756 51.1699
45.2107 51.6739
44.3224 52.3751
43.0029 56.04
39.7176 59.8879
37.8986 61.1629
38.4925 61.5645
39.2041 61.5511
39.5706 59.1386
40.0652 55.5738
40.0005 53.5618
39.031 52.2721
37.9569 51.0952
37.7167 50.3586
37.6313 50.9891
36.8164 52.4508
36.6925 53.3501
37.4541 53.9889
37.7685 54.0826
37.5939 53.8901
35.8313 55.3311
26.5829 57.9368
16.4774 57.602
14.5285 54.24
13.0266 52.5695
11.6626 51.5223
13.5109 50.3807
12.4247 46.4551
9.33577 38.6412
11.0478 31.603
14.4843 28.0683
17.2721 25.6265
19.3055 22.9608
19.7191 22.5108
19.7191 22.5698
19.0354 23.0603
18.0897 25.1982
18.4025 27.2699
19.457 28.2377
19.7202 28.6813
19.9063 28.8958
20.4151 29.0293
20.2984 29.1566
19.4638 29.4085
19.2062 28.0086
19.8681 24.3684
21.4953 23.207
23.4858 24.8575
24.0155 26.3626
23.6994 28.1214
22.8063 28.8572
23.555 27.5898
31.3129 25.5705
40.296 27.2434
48.2145 32.0866
56.2607 35.5501
61.8653 36.6906
63.8624 32.6576
64.9247 26.7941
68.7061 21.7306
74.1532 19.3505
78.4381 21.3489
83.1221 21.0607
87.9891 18.1945
88.9653 16.6962
89.2446 15.2034
91.1986 11.5964
93.6834 8.50045
95.9597 7.44592
97.7786 8.0838
98.1402 9.64891
96.5279 10.4129
94.0809 11.1892
91.1823 11.5873
87.0367 9.04443
81.1074 6.32747
77.269 5.90578
76.9602 5.63938
77.818 5.8768
78.5809 6.8905
78.8109 7.98964
80.5631 8.92408
83.5812 10.2841
86.0633 11.5096
88.0675 11.6143
89.4368 10.8252
87.9237 9.62661
86.5004 9.34313
86.2902 10.1271
82.2019 8.74679
77.0258 6.86681
75.577 8.3136
76.9423 11.852
79.957 17.6588
80.9818 25.7207
78.4696 34.1999
74.9539 41.405
72.2256 45.0024
70.1163 47.0524
63.2503 47.422
54.7895 45.6098
49.6058 43.9683
45.8109 44.0057
44.8789 48.3657
43.9635 51.5415
44.1494 50.5847
46.7347 49.8544
47.9429 50.5076
48.1525 51.1044
49.1932 50.9376
50.1634 50.5256
50.3715 50.0873
50.5288 49.7324
51.4484 51.9758
48.2521 60.7381
38.8155 72.0731
29.4287 81.9977
20.9528 90.6393
14.2006 97.6849
12.5429 99.9043
15.9151 96.5624
17.3999 92.49
16.2029 89.3259
13.8625 92.4688
10.1198 98.9567
7.67225 100.676
9.72982 97.7253
12.6648 89.332
12.8985 77.8678
13.5932 66.8702
16.5287 55.2704
20.1675 44.7096
22.1149 40.3915
24.1375 40.1477
27.4682 38.5219
33.7836 33.649
41.5522 31.3805
48.0373 31.3103
50.9302 30.0801
50.389 30.3519
49.258 30.2072
48.2707 30.1743
48.8732 31.7071
49.496 34.0176
48.0621 34.9134
46.8749 33.4954
49.7939 29.7074
56.8744 23.0465
64.3217 18.7199
72.0444 22.9862
84.6955 31.9886
97.3277 42.633
102.019 53.4148
103.511 58.7414
103.481 60.2185
101.093 61.1288
101.359 61.8288
105.766 62.1069
107.943 64.9995
107.529 71.4569
107.724 78.3818
107.732 84.0085
107.359 88.9616
106.524 94.9579
105.315 98.4087
104.607 98.6985
105.092 98.7489
105.817 99.0381
106.256 99.1262
104.85 98.9027
102.888 98.6899
102.39 98.6748
102.776 99.0718
103.556 99.0692
104.41 98.9182
104.27 99.0473
103.9 98.641
104.363 98.438
105.449 97.6987
106.852 97.5096
107.365 98.0426
107.137 98.1821
105.807 97.6723
103.321 95.854
99.7849 93.9778
96.6795 92.3744
95.2502 91.4114
94.6364 92.0642
94.4789 92.7195
94.3879 92.9306
94.3309 92.5496
94.2359 91.7597
93.9718 91.6234
91.1116 88.4299
82.7595 80.4111
72.3787 71.7929
66.9525 66.1164
65.7612 64.0386
63.968 64.3748
59.3435 69.471
52.2075 78.2625
48.7245 84.4606
49.0263 83.4887
47.2934 80.238
42.5445 80.1034
38.6035 80.1667
37.7786 79.9204
37.9425 78.627
38.2879 76.3146
38.5539 75.2723
38.6532 75.7097
38.7479 75.4295
38.6245 76.2311
38.4683 78.1365
38.7066 78.7184
39.0699 78.6084
38.9488 78.1221
37.1172 71.9298
34.3918 57.5705
36.5824 45.7088
36.9924 42.8405
30.2489 45.6663
25.8308 49.0304
29.9971 45.5744
40.9864 37.091
49.4282 30.7943
50.4738 24.237
50.1155 20.5333
56.7228 29.7902
62.6592 42.7407
66.2301 46.7791
70.0813 50.6149
66.2586 58.0373
61.9495 61.2165
62.0226 60.0368
63.2545 59.0324
63.5158 58.2111
62.573 57.9629
61.5007 58.4565
57.5909 59.7125
50.9556 66.125
47.0062 74.0373
47.0946 80.5517
46.366 84.8418
42.6787 83.977
38.8617 80.1836
37.1604 77.0268
36.3254 76.4307
31.5424 76.3605
22.0516 75.6173
15.0175 74.7887
13.2228 75.2437
15.3394 70.4217
24.8043 58.1596
36.864 48.4898
43.816 39.7606
49.9156 34.897
52.9426 36.9888
53.4222 34.6935
54.3007 27.462
56.0171 22.9174
63.3863 26.0545
70.2286 36.731
71.8442 48.4415
72.603 55.2946
74.9765 53.66
78.3477 51.873
81.3231 52.1385
86.0983 48.6578
89.6989 44.0863
88.1994 41.5541
86.9086 40.8289
91.331 38.5595
98.9698 36.6475
104.2 36.5887
105.259 42.8706
100.8 57.1003
96.0276 68.7194
96.1529 76.4661
97.0536 82.8272
94.8553 85.5834
86.9367 86.8336
75.8669 84.5388
70.8272 81.4117
71.0246 84.5302
69.7465 89.2684
72.0337 93.0309
73.2887 97.2959
67.7121 99.5158
62.2108 97.9624
60.5319 93.9472
60.1837 93.6945
56.1378 98.2391
51.2314 98.7274
45.2823 95.1469
38.1709 92.4721
34.9677 94.9524
33.6987 99.7894
30.7646 101.213
25.0902 99.2588
19.3392 91.3326
18.058 83.1539
21.1457 79.6861
25.0646 78.0959
28.824 76.6855
37.1247 73.2207
49.9433 67.8344
61.4849 62.3516
63.8684 57.319
59.326 54.9472
58.9333 54.0131
66.2342 54.5034
75.4381 56.2448
82.157 54.2392
88.8055 50.4547
95.8989 45.2525
102.1 37.7983
103.753 30.4542
102.628 23.192
101.901 15.6127
101.311 11.2042
100.656 9.2926
99.0131 5.49303
95.9244 3.97158
93.1905 5.61369
93.5559 11.6292
91.2718 22.0766
81.2503 29.1352
71.2354 30.5198
68.952 30.4305
68.6864 29.1112
66.4068 24.8541
64.4989 21.5554
61.4537 20.5522
58.0372 19.1866
56.2659 18.9275
51.9444 20.7567
44.5895 21.9977
39.5889 23.1974
36.9844 21.6923
35.8216 14.8817
36.0398 9.55506
36.9025 7.60792
37.191 6.9898
38.7159 6.41484
39.9392 6.16641
38.7918 7.30505
39.6167 6.69924
40.514 5.6539
36.2826 8.41067
29.6767 12.838
24.9371 12.0751
21.257 8.53322
17.4191 9.96286
16.681 15.4677
19.4951 22.6771
18.4789 28.6082
15.273 31.3452
14.3807 33.5003
10.82 33.8416
7.33779 33.9764
6.85437 36.1097
6.52075 37.3812
6.28751 37.3168
7.27098 40.837
9.23497 48.0808
9.30715 54.5314
9.09193 60.8686
9.79998 68.0977
10.9756 73.567
11.3839 76.4802
10.7864 80.0492
10.8423 81.4311
11.3348 81.7562
11.1778 85.2291
11.9827 88.0297
13.4125 89.4183
13.4616 92.055
13.2182 94.9002
14.7816 96.1091
18.5284 96.832
22.923 98.6639
24.9894 100.356
24.3672 100.557
22.8253 99.8676
21.6732 99.1668
22.3855 98.9535
24.928 99.0941
27.3581 98.8377
27.6343 97.5555
27.9461 96.3255
26.8306 94.0256
24.4223 89.9219
24.3762 87.2399
25.5671 85.6301
26.0843 84.7369
24.9361 86.3131
25.3874 89.016
29.8999 88.5796
36.2829 89.7774
40.1843 95.3326
40.895 98.8347
44.7332 98.1827
50.8887 96.4768
54.8244 95.2117
59.0447 92.5553
65.2403 93.9293
68.6933 96.3864
69.2224 94.5952
72.3344 94.5667
77.943 96.0485
81.289 95.7089
83.2043 95.7905
84.9664 96.0616
88.2333 94.9013
93.6981 95.558
96.3095 95.428
99.5898 94.1663
104.564 94.4121
106.895 93.4726
107.709 91.2968
107.476 89.7211
106.635 88.5035
106.476 87.4382
106.724 85.8866
106.552 82.0494
106.002 76.6856
106.1 70.0748
106.342 64.4955
105.46 63.2426
104.974 62.038
105.185 60.5139
104.93 61.0573
104.67 60.4904
104.702 59.4184
104.054 59.0462
102.588 58.5568
100.392 58.6985
96.7216 61.2811
92.9337 62.2043
91.7128 60.0797
92.354 59.5133
93.3291 59.7043
91.5707 61.552
86.1456 63.5002
83.5144 63.101
84.3951 61.2249
84.285 60.7349
83.3782 62.61
83.1836 62.6502
83.2885 62.7316
83.2769 63.2232
82.1951 62.9293
81.5795 62.6345
81.8802 61.5234
80.4288 59.2362
79.7503 57.9902
81.844 58.7715
83.7072 59.8981
84.8311 61.2739
86.014 62.678
86.2631 63.0594
84.7516 61.6423
83.4446 60.4676
83.8194 60.8267
84.1054 61.4947
83.8312 61.0324
83.4184 60.0528
83.8853 61.0437
84.8595 63.7073
85.3175 65.6722
85.451 66.128
85.7805 65.9431
86.2262 65.1811
86.0049 63.364
85.4438 60.8522
80.5291 61.0214
69.6961 66.4462
58.5264 68.8831
51.9242 71.8665
49.2673 79.8645
48.2858 85.3606
48.0215 86.7156
49.1572 85.5317
50.5013 85.2004
47.6481 84.7235
44.0625 83.556
42.5242 84.0253
45.8462 87.3015
50.3529 92.1609
46.2131 96.206
40.1375 98.0881
33.6945 96.0209
25.5256 94.8205
20.7998 95.8321
15.5158 93.3143
10.4267 88.9165
10.3162 83.6
11.9902 75.4355
11.5054 65.6238
9.90357 55.8054
10.0778 49.5991
9.92856 46.8243
6.70169 43.3802
4.5232 37.2918
5.17162 29.4307
7.79075 21.518
11.7013 14.6608
15.9949 11.0856
20.5369 9.05629
23.9155 11.4909
24.1263 15.2501
22.8618 16.0001
21.907 17.7076
20.616 19.7983
19.4579 21.3729
18.3311 22.1028
17.8378 23.2706
17.1106 24.4823
16.4249 25.1997
16.2124 26.3472
16.3103 27.5823
17.9588 26.7587
17.8734 23.4046
14.394 21.6311
12.9106 23.6098
14.1028 26.1409
14.4409 25.5937
14.0378 24.4486
14.316 24.023
15.3327 24.3118
16.5673 24.8949
17.7011 25.0674
18.1217 25.4533
18.3348 27.0408
18.831 28.4626
19.4556 28.1315
19.903 27.8057
20.1157 27.5502
20.3128 27.2244
19.6502 26.8792
17.2636 25.1802
13.7721 18.2281
16.9907 11.6763
22.5163 9.60282
25.0166 10.8152
28.1966 15.2883
28.2893 18.0311
26.5523 18.5707
25.2372 18.9636
24.3128 19.3538
23.8485 19.3322
23.2996 19.7581
23.7049 21.1014
27.9433 18.7764
36.7425 16.0474
42.5126 15.9467
42.8167 15.4114
43.6186 20.501
46.6974 26.7703
51.4127 28.9058
53.2352 33.6752
50.4942 41.1018
47.8586 46.1255
43.3325 47.667
37.8747 47.9651
34.4584 47.9017
37.3477 47.0769
49.453 44.4581
59.1642 45.5721
63.3144 51.6913
65.8349 57.0771
67.3062 61.3956
68.0652 66.9825
68.3835 71.815
69.2945 74.649
71.1679 75.8751
72.1696 75.7102
68.3853 76.8329
63.6502 78.3319
62.3179 78.2013
62.652 77.8985
63.117 79.6021
63.8409 81.5638
64.4759 82.9351
58.8305 82.3437
48.1886 79.1162
39.11 74.5927
34.2678 65.3621
31.957 52.1138
31.7738 39.8581
36.4998 29.1044
43.6489 22.3586
51.2019 21.4757
55.9763 21.5327
56.5991 19.4147
56.2436 16.233
59.1733 17.3963
67.2931 26.7733
75.1992 34.8388
80.6461 38.0485
85.8719 37.4023
90.3939 33.7265
95.0566 32.4598
98.2555 31.6998
100.009 30.9558
102.125 31.1412
101.486 29.0951
100.325 25.9887
101.485 23.8101
102.899 22.2829
103.252 21.3255
103.59 21.869
102.488 22.2673
99.9616 20.541
97.8729 20.5733
95.8946 21.1255
94.2097 19.8475
93.0441 16.6729
93.3921 12.6035
92.5593 10.8988
92.8228 9.01552
96.6341 5.21541
97.5524 3.13092
94.6136 3.47258
92.9469 4.02043
93.9476 4.63695
95.207 5.46739
95.0561 5.64607
93.6659 5.33051
91.9131 6.23924
88.5848 6.43412
85.1196 5.96605
84.3828 7.28143
87.2594 12.2152
91.9198 21.1487
90.6672 32.1558
87.1102 44.004
88.4909 51.1417
90.4832 53.0563
88.6444 56.8615
85.1066 63.5811
80.5821 67.6609
70.4139 65.6326
60.7952 59.5927
56.7203 53.216
54.6615 48.2233
52.6027 46.2477
50.0377 47.2211
48.7396 48.6275
50.0552 54.9039
48.1642 65.2147
42.7273 75.1205
40.067 85.032
39.0404 91.0572
35.1107 93.5586
29.6409 95.3463
27.9323 96.7885
30.0508 97.7791
34.5151 99.5616
37.4815 101.159
41.7641 99.8775
49.8531 97.9055
57.3591 97.0536
63.3729 95.7911
65.0482 96.3284
63.4236 96.5899
62.6815 94.7627
64.6012 93.726
65.9446 91.6392
67.2772 90.0742
73.7665 90.149
81.3938 89.5499
85.7841 86.7152
88.8599 78.8835
91.021 71.0535
94.4973 67.422
100.926 65.6991
103.785 64.4792
102.789 62.9336
103.762 61.5954
106.147 60.3627
106.19 59.9602
105.564 60.0093
105.919 58.9914
106.486 58.6308
106.456 60.3801
106.399 61.4808
106.47 60.7324
105.594 59.6025
104.894 58.8585
104.866 59.5157
104.63 58.7857
104.896 54.48
105.268 49.7062
104.809 46.8069
104.582 46.298
104.376 46.6029
103.651 46.2353
102.477 46.9589
99.9062 47.8546
96.9041 46.0964
95.6015 43.3602
94.9201 41.5739
93.0668 41.3906
87.2318 40.6411
79.4459 35.6099
74.9319 29.218
72.1665 25.9489
69.6631 25.3329
70.2838 23.4575
71.2312 20.871
69.8738 20.2029
69.8782 21.5679
69.2689 26.4078
65.6322 33.6587
62.6021 40.7201
64.7035 46.6816
68.6973 50.5664
68.3147 51.9701
66.741 52.0445
67.0599 52.1851
67.668 54.3218
67.1273 56.9619
67.9193 59.4967
72.4782 61.7887
77.2816 63.4947
79.6328 66.5305
80.1472 69.3549
79.4839 69.955
76.4919 69.9245
66.5621 67.7044
55.2968 63.7168
50.2518 58.3752
47.6436 52.8877
45.6435 49.5259
44.7954 49.7492
45.3067 55.5682
45.586 64.8906
40.4749 71.4418
33.4653 69.6491
30.7173 67.1854
28.879 67.7372
27.6126 69.0027
27.1341 73.7898
24.9259 77.5268
22.9851 76.9825
23.6468 79.1739
22.5968 82.1487
21.91 82.98
27.0382 83.9161
34.1588 84.8483
39.9891 83.7483
44.8023 81.1996
50.8441 79.732
57.3785 78.4518
60.9762 76.9919
60.5467 73.6025
61.7454 68.0761
65.3535 62.7777
65.7345 59.78
64.627 59.124
64.0405 59.1589
65.0339 59.7104
68.3725 59.7774
71.4549 57.7446
71.5105 55.9752
69.9086 52.9197
70.6727 46.6802
72.9339 41.0552
73.1571 37.6497
72.8039 36.7153
72.9527 37.1683
72.7131 37.6336
73.7563 38.8865
72.2197 40.1256
65.9813 41.7582
62.4423 43.1455
60.2621 45.9058
55.1928 47.578
50.9978 46.1213
48.2687 46.3531
45.7793 46.8525
44.7193 45.6365
44.5233 44.6295
44.5736 44.749
43.9218 44.3552
38.8306 44.5062
32.724 49.4681
29.0238 55.147
26.4632 55.6739
25.6407 56.4153
24.5229 57.7986
19.631 57.276
12.7525 53.0326
9.4667 49.4348
8.59369 49.5144
7.93182 49.7312
7.8692 51.7161
8.04061 52.8701
7.48207 50.9717
10.6867 44.0355
19.3262 38.9151
24.9445 38.5619
27.0281 38.4898
27.9979 38.1977
30.5584 35.2008
35.7799 33.9644
39.7424 35.4957
43.0319 36.1194
46.2751 37.348
48.7441 43.6755
48.4188 49.1923
50.2764 47.8984
57.0255 45.0516
62.0577 45.065
63.6394 47.4689
64.1699 49.1947
64.5733 49.0826
64.5406 48.0465
64.1757 47.2442
63.6757 46.9175
62.9605 47.7243
61.0964 49.3165
59.6808 49.5959
64.2621 51.197
70.9178 59.3033
75.244 68.2054
79.3386 75.2875
83.1757 83.5928
86.4487 91.1452
88.3081 97.1013
89.4593 99.6577
90.2675 100.055
93.8458 99.4318
97.8883 98.0427
98.8953 96.9189
99.9314 96.1218
103.065 93.5575
106.59 89.9146
107.352 86.5322
107.256 84.4972
107.51 85.1382
107.198 85.9096
106.888 85.8793
106.79 85.3152
106.678 84.699
106.478 84.556
106.046 84.1501
104.666 82.6256
101.833 80.9687
99.2915 79.6185
99.0489 78.6531
99.4296 78.3048
98.797 78.5045
98.0508 79.0195
97.648 79.3457
97.6643 79.301
97.5704 79.3714
97.5849 79.4094
97.4833 79.4915
97.3498 79.6043
98.2388 80.2373
99.0344 82.3084
99.9551 84.7573
99.8268 86.2992
99.7256 87.3452
99.8197 87.5833
97.9759 86.408
97.5473 85.965
99.2989 86.9319
99.7456 87.1757
100.065 87.5281
100.897 88.1676
100.315 87.736
99.7466 87.4775
99.3807 87.3602
99.3717 87.4228
99.617 88.2478
99.484 88.5348
99.4757 88.3315
99.5338 88.2824
99.6349 87.3898
99.7835 84.6315
98.3407 81.519
93.9092 79.6386
90.1994 78.5461
89.3656 76.5489
87.8408 72.3147
85.8385 68.0218
85.1996 67.6572
84.7349 67.7086
82.9044 64.8426
81.6432 62.4729
81.6536 62.0689
80.8033 62.1332
80.1629 61.0701
76.1335 60.5647
67.107 61.9943
60.5065 60.0005
59.0053 56.7498
58.6676 58.0018
57.5904 63.339
55.0483 70.0837
52.8219 77.2628
45.776 78.1242
34.6082 70.3726
29.5061 61.4857
26.4506 51.8899
23.0441 40.9349
20.3417 30.0263
18.0944 22.126
21.6745 16.9255
23.5581 14.089
20.3484 12.209
21.4379 9.48477
27.5984 8.88684
33.2247 9.41647
34.2445 8.06968
34.6917 7.08473
35.517 6.99872
35.1243 6.87093
35.6573 7.71892
37.5714 10.1246
39.3675 13.2574
42.3868 15.1561
44.801 17.0001
44.9121 18.7458
45.0526 18.7223
45.9607 17.2386
46.7417 15.7429
46.5086 15.7373
44.5229 16.601
42.9651 18.6202
45.8136 21.6257
48.8503 24.6908
49.8254 26.4313
51.3389 28.3775
51.199 31.3943
50.5477 32.6063
51.6516 31.7337
53.1468 31.3026
53.0432 32.0609
51.4934 32.7515
50.8155 31.4044
50.7275 28.8675
50.3188 27.84
49.7929 27.7198
49.5328 27.4744
49.3588 27.229
49.0909 26.9836
48.7683 26.6756
48.4457 26.3364
48.1309 26.0832
47.8083 25.7205
47.5638 24.5131
47.0222 22.4064
46.0205 21.0334
47.3362 24.4728
51.7536 29.6138
57.0378 29.5723
60.982 26.4412
63.4303 24.3495
67.4795 21.2495
70.8246 17.3481
70.1885 17.2986
69.5582 20.5829
69.1714 23.4567
66.9409 24.4198
65.263 24.7186
64.6472 25.4581
64.3574 27.0981
63.612 28.4724
62.4541 28.8278
61.8419 28.9415
60.8153 28.7602
60.0491 28.5778
59.9806 28.7706
60.0228 28.9791
61.6364 30.13
62.8239 31.1588
62.8209 30.5102
67.6068 32.1415
74.4755 36.973
77.9753 43.0075
82.0509 50.0914
86.9721 57.8605
93.5351 64.9471
101.632 68.6142
105.304 73.474
103.19 79.6934
101.268 82.6564
104.606 85.7683
107.551 88.4232
107.386 89.8354
107.587 91.0287
107.419 92.7529
106.552 95.8114
105.018 97.8459
103.807 99.309
100.734 99.7332
94.7954 98.2844
91.9894 97.4392
89.4931 98.4572
83.5991 99.8023
79.1495 100.594
78.0065 99.8358
78.0412 99.3182
77.4916 100.068
75.954 98.2672
77.1579 91.876
79.4235 84.8746
79.3902 81.6585
79.0201 80.7266
77.6905 81.1941
77.396 81.0898
74.7129 80.4258
64.8103 81.5386
52.6515 81.9882
40.5129 80.6024
29.2952 79.0528
19.1349 79.0249
11.0475 78.3265
7.53731 73.65
7.23457 66.0865
8.00745 60.8361
7.20853 59.674
6.46813 57.8149
6.93048 55.6119
6.95621 53.7058
6.8758 51.4348
6.92218 50.6344
6.37288 49.8008
6.2366 48.1624
5.56473 46.3001
5.18798 44.5403
5.49742 42.2631
5.73548 39.9056
6.39524 38.5234
5.66637 35.4385
4.63764 31.3236
5.17992 26.994
6.28691 21.923
7.15676 16.436
6.7042 12.5682
5.51919 9.67777
6.33453 8.06576
11.9848 9.39263
17.6061 11.4566
18.1081 13.9809
18.4597 16.503
19.4583 18.5434
19.6529 19.4826
18.6146 19.1446
17.6415 19.0883
17.784 19.4482
17.9266 19.5423
18.0769 19.6051
18.2429 19.5114
18.3229 19.2144
18.3716 18.8392
18.4906 18.5892
18.8991 18.0888
21.4062 15.3617
26.9491 10.6535
33.4709 8.39618
38.3093 9.34588
40.4429 11.829
41.1439 13.361
41.689 13.03
42.1296 11.0136
41.9155 8.7509
42.1082 8.55765
42.531 11.9124
42.0718 16.392
40.5799 19.8441
37.4576 26.1168
36.892 31.6596
43.3661 35.9576
51.4022 44.1235
57.7569 53.001
64.2149 61.2347
67.9435 69.2453
68.548 74.6137
70.4034 80.4787
68.2822 89.2475
61.7876 96.1088
57.2633 98.6871
52.9442 98.9568
46.7113 98.1552
40.4329 98.1983
38.5332 97.6388
36.5536 96.8329
35.2968 97.3048
34.6266 96.3585
34.0222 95.4011
34.915 95.1872
35.3168 94.9293
36.4087 94.0558
35.3068 94.5839
29.713 97.1287
21.8533 97.3351
18.1837 97.7929
17.0744 98.8286
15.2032 99.2631
13.897 100.894
12.4542 101.805
11.2271 100.38
10.675 98.5292
10.5308 97.6382
9.7719 97.534
8.5312 95.191
8.37605 92.2515
8.96781 89.7906
9.16319 85.2356
8.47751 80.3559
8.38212 77.0037
9.32922 72.3907
7.77948 61.7739
6.22563 51.1924
6.59528 45.3702
9.06136 47.1554
11.8396 51.8284
12.4865 52.6905
12.852 51.6451
10.5092 45.9144
7.01002 34.7854
5.59663 24.5469
6.62881 22.4773
10.0471 25.8694
11.6 26.3864
10.0074 26.1442
9.16574 25.5739
8.79713 23.6845
9.37034 24.8513
10.7076 26.7755
11.2974 24.1798
13.9384 17.8136
17.5728 14.6999
18.2701 16.1903
18.102 16.8716
18.9077 16.9717
19.2493 18.131
19.5101 19.0453
20.6389 19.8092
23.4528 19.6682
24.346 15.5505
28.6199 11.0883
36.8808 12.1567
37.0894 15.25
34.7645 16.2903
36.2009 15.7971
36.5651 14.0751
36.2332 12.7252
37.0346 13.4728
38.9092 14.9966
40.2675 15.827
34.2478 15.5042
26.1862 17.4814
23.5107 19.7345
20.811 17.7098
16.1195 14.2407
11.7021 12.7203
8.22692 13.1755
10.7372 15.1098
15.7951 17.8402
17.0901 18.4016
13.0768 16.9155
8.47719 14.9951
8.99895 15.7336
8.35955 18.0753
6.8862 18.1155
5.35476 18.1088
5.24418 18.6289
8.70569 18.0775
10.8836 18.1573
11.6058 19.1158
13.1687 19.825
15.3947 20.1322
17.5271 19.6273
18.4108 20.0685
19.6131 20.0825
18.4913 21.067
14.2571 23.3428
12.4441 23.0901
12.4228 20.293
12.6707 18.2197
13.2929 16.8266
13.4184 16.2526
12.6296 23.2912
12.9975 34.1472
15.1129 40.0442
16.0665 46.0557
16.207 58.5171
16.5795 74.8638
16.1351 88.874
15.6566 95.9942
16.3426 97.848
16.7749 99.216
15.7823 99.5744
15.1298 97.7393
15.2277 95.4927
14.3983 92.5178
14.399 90.0547
15.9357 90.8489
17.0123 92.3228
17.1781 92.85
16.983 92.057
16.9673 90.4532
16.5471 94.0286
20.0254 98.0438
27.4541 96.4442
32.5105 92.6886
33.8418 90.9328
33.5306 89.8395
35.0554 86.5132
39.3742 81.9659
44.0876 77.296
47.4704 74.3424
49.5702 73.5777
50.0604 73.0152
49.506 71.0154
48.8321 69.6091
48.5176 69.1863
48.3412 68.6806
48.1944 68.9068
48.02 69.5451
47.051 70.8463
45.1647 74.6584
43.8578 77.5532
43.3147 76.7183
41.6952 77.0225
40.6296 77.6391
42.0082 77.7627
44.6054 80.7242
47.6161 87.3607
46.9817 93.0633
43.9771 93.968
42.716 95.0825
42.0541 96.7209
40.3311 95.6122
39.9516 94.3225
38.5535 95.8303
32.428 95.5888
27.7979 93.1055
25.961 92.2235
24.5597 86.8908
24.5118 80.5359
22.888 80.0682
21.1251 82.8695
23.6024 82.7699
26.9707 79.9184
27.854 78.5122
27.1318 77.1932
26.9564 77.4389
27.4161 78.3968
27.9629 79.1218
28.4973 79.0799
29.6803 79.1609
31.2136 80.0863
31.9671 80.3499
32.3653 80.1534
32.9082 79.3575
33.4008 78.8073
33.8091 78.757
34.0353 78.9581
34.0979 79.1139
34.0549 78.9346
32.4905 78.8504
25.728 76.5883
18.1728 71.8246
16.2892 68.3567
15.4591 67.8776
14.338 67.0455
14.7831 65.0537
15.7152 64.3409
16.965 64.8335
17.3985 67.2746
18.6324 72.9686
20.5585 77.5399
20.8969 76.343
19.7588 74.3769
18.2544 73.5113
18.2311 71.354
17.7192 69.8362
21.2425 69.0238
25.7628 64.869
27.7569 60.0593
28.6605 58.0499
30.2074 53.7012
36.4024 49.2303
43.0089 46.5317
47.8971 44.0266
48.0295 42.2245
47.3149 41.219
48.3915 41.4022
48.1499 39.7847
49.5297 35.1993
51.5472 30.7854
53.0958 31.0259
53.0692 32.3895
51.2227 33.9506
49.9524 37.0491
49.2947 39.745
49.1328 41.733
49.8361 42.1262
50.124 42.2075
49.5581 42.3771
49.5349 42.1951
48.8284 42.3102
48.673 43.2022
48.5253 43.9031
47.9005 43.6749
48.3798 42.7883
48.6858 41.689
48.4201 41.4527
48.9668 42.3486
49.7574 42.4046
49.2499 39.3934
45.8965 34.6187
41.3063 34.0858
40.9696 36.2397
43.5659 36.869
45.6028 37.1512
46.8389 36.9658
47.3571 36.7407
47.7676 37.2355
47.514 38.1979
43.3237 40.2825
32.2931 43.6081
23.316 45.9063
20.2463 46.7402
18.1404 45.8164
17.7924 44.6982
18.0873 44.5067
18.5101 43.4298
19.3613 42.9908
20.5338 44.0319
22.2883 44.9452
23.5922 45.5251
22.1732 43.123
17.1576 37.8003
13.7131 32.3009
14.612 30.0929
17.8139 31.126
19.9273 32.6881
21.0984 33.947
22.9526 35.1557
22.2215 38.3904
20.9317 37.0067
27.0402 32.1256
37.599 32.1464
48.5933 36.6267
59.0627 43.1063
66.666 49.2739
70.1879 51.4541
69.1456 51.4713
67.901 53.0285
67.0094 54.7075
65.9625 55.0523
66.3186 51.7151
66.9434 46.8794
67.555 42.9202
68.771 38.4417
69.9632 32.8829
69.5589 26.3489
69.2145 21.4765
68.5936 19.0702
69.1692 18.0534
70.8028 16.2444
71.2519 11.2709
73.0559 6.49584
75.1644 4.83377
79.1176 4.57475
85.496 4.86638
87.8234 4.46746
86.1367 3.68857
83.9825 4.10162
81.904 4.56674
81.2221 4.56728
80.823 4.57436
83.5725 4.41679
90.835 4.17609
97.7239 4.64082
100.777 4.36654
101.673 5.10489
102.9 15.0685
103.8 27.2868
104.225 34.7521
104.946 42.9614
105.887 50.6547
106.801 54.5611
106.486 54.7643
105.526 54.0371
105.719 54.189
106.337 54.0463
106.486 52.967
106.5 52.7976
106.568 54.828
106.619 58.4777
104.533 61.4608
100.419 63.5496
97.1631 66.6156
95.2035 70.0741
95.378 75.0176
95.439 81.065
92.8071 84.5738
90.8913 87.6712
90.2421 88.3994
87.7284 82.3476
83.1356 76.2324
77.2075 71.9183
72.3517 67.498
72.1591 68.1725
72.1463 73.1693
65.836 78.5709
55.0562 84.0101
45.2404 87.6088
40.0361 85.2875
38.7689 81.8519
38.9253 81.3777
39.1654 81.6112
39.4464 81.6693
39.6234 81.2079
39.462 81.3816
39.3682 81.753
39.2732 81.9385
39.1497 82.2267
40.2789 83.0474
38.3178 82.9358
31.7349 81.2574
27.3035 79.6767
26.1139 78.4254
25.0516 77.2194
24.6547 76.5379
25.5761 76.1514
26.3986 75.9387
27.131 75.885
27.743 75.8052
27.7266 76.844
27.7411 78.7268
28.7695 78.8838
30.023 78.1706
30.6379 78.3778
31.068 78.5811
31.3126 78.4051
29.3309 78.8425
27.277 80.6954
27.6114 80.3811
28.8773 78.7279
29.1066 78.7064
30.1492 79.4504
32.4966 79.4513
34.4945 80.0415
35.6163 82.0475
34.616 82.3674
34.3354 82.4914
39.0364 84.3857
43.4174 86.047
44.2385 86.7757
41.3164 87.3984
37.5106 88.1124
35.499 88.4161
34.3493 87.2572
33.9868 86.3765
34.1179 86.2602
38.9272 86.6027
44.7772 85.9104
47.0212 86.9186
46.8288 89.5878
45.0795 91.1124
41.6907 93.6066
36.9955 94.9591
35.7618 92.7518
38.499 85.19
41.8421 80.0431
45.074 79.8819
46.822 77.6517
48.1922 76.1052
50.4962 74.6423
53.6312 70.038
52.4286 65.7971
50.6389 64.1481
55.0853 61.5814
60.2296 58.3332
61.638 56.7918
64.621 56.82
68.6476 56.4165
70.1702 55.2178
70.1263 54.3682
68.7641 52.8706
70.1721 48.9262
75.2637 43.4353
77.7789 39.8176
78.6588 42.9661
79.7199 58.243
75.0491 72.0274
71.6961 74.6004
73.0634 74.026
72.0404 73.1317
70.415 74.1323
70.5317 77.1215
70.2177 78.3598
70.1062 75.2676
71.6643 69.5514
74.1147 67.3753
77.2683 69.9133
75.3848 75.8626
68.7893 79.8343
62.4356 76.5499
54.3026 69.8591
46.2374 66.6497
40.0304 64.7311
37.0936 62.7993
37.3701 60.3359
40.8792 48.4318
46.8859 37.2553
50.0329 35.6254
49.9042 36.119
50.7175 35.3368
53.9433 32.5802
57.4293 31.0288
57.1013 31.003
54.7 29.4728
53.7701 27.4553
52.5698 28.1104
49.6118 32.4203
45.5495 37.0236
43.8042 42.5133
43.9151 49.0849
42.1983 51.4933
39.7812 51.8629
37.708 53.3337
36.0177 53.366
33.9802 49.8961
31.2251 44.7811
29.2832 42.9372
28.8136 39.539
29.1226 31.9184
31.3417 26.924
33.8075 25.2503
32.4339 26.6271
27.0406 32.3907
21.3283 38.0203
19.3956 42.8551
20.2364 48.4323
21.8174 53.5492
19.3165 56.0601
12.1588 51.852
8.21735 48.6701
8.54664 50.8094
10.3447 58.9931
11.9184 70.5528
12.3362 79.6709
12.1877 87.0709
13.1295 91.9417
18.8251 92.6539
27.3115 92.5071
33.5391 96.2319
38.0197 98.9726
41.7193 97.4374
43.6767 94.6664
46.2318 92.3024
51.912 91.0705
58.3261 88.9953
61.3473 84.1053
61.551 80.5224
65.9815 77.9148
74.9726 75.0137
84.3185 73.2398
91.6973 73.2262
89.6338 71.8967
84.0573 68.4945
81.5459 66.1462
81.0343 64.7011
83.9623 62.5028
87.9111 59.5226
87.8454 56.4078
86.2334 52.8375
88.2877 50.9161
89.6092 50.5562
87.0857 52.3668
84.0427 54.9609
82.2821 56.6342
78.5817 58.6375
70.7891 56.7861
63.4093 50.2039
58.4617 45.5216
52.612 44.5424
48.8821 45.0182
48.2119 44.081
47.573 42.4892
46.4991 40.4194
45.0955 37.7899
43.5031 37.2261
42.8224 36.3135
44.4579 33.2242
47.2074 30.7668
48.4586 29.9123
48.0157 29.633
47.2034 29.323
46.2065 32.07
44.7823 40.8045
44.5694 49.1325
47.1619 52.8566
48.6194 53.4878
46.2465 53.453
38.469 51.8868
30.9895 47.3877
29.3564 44.7697
29.645 44.7917
30.1641 40.1258
30.68 29.5551
30.6123 21.4694
31.6683 15.4309
33.9185 8.20229
37.8351 5.02058
43.8324 5.69802
47.0361 6.38513
47.3977 6.324
47.7066 6.1449
47.8266 6.9361
48.4083 7.73465
49.8492 8.98637
50.298 12.6735
49.9683 14.011
51.0813 10.0675
54.0042 6.80493
55.9186 6.17548
58.3696 6.28164
60.892 6.09675
59.7101 6.46049
57.6962 7.97945
52.7725 13.8481
44.1864 23.9974
39.0523 33.8907
40.0436 42.3315
46.6965 45.2256
54.1538 42.1514
58.8256 39.7643
62.6601 37.4212
66.0728 33.7227
66.9559 31.5944
65.821 30.0204
66.194 28.406
70.9837 29.1517
80.2021 34.4468
88.3337 42.7686
94.0641 48.4624
99.6552 49.063
101.835 46.1765
100.779 43.6106
100.453 42.9576
99.0846 40.5462
96.2384 35.7324
94.3534 32.0252
93.7903 29.0845
94.9917 23.7153
95.2347 19.8863
92.5641 20.9903
88.3602 26.6822
82.2071 32.7909
74.7214 39.1377
71.3786 47.7963
69.7522 52.6578
66.9375 57.2701
66.8426 64.7166
66.7705 69.7927
67.4692 72.0699
67.8609 72.5463
63.8546 72.1377
56.4598 71.7375
49.3514 72.4999
44.9378 75.3111
42.3908 77.7198
41.5954 77.4693
41.751 76.9202
41.6853 76.5305
42.4319 77.369
43.8985 75.0615
44.1546 69.8516
41.8466 66.2166
36.643 59.4007
31.4317 51.4472
26.3232 45.2039
20.5671 39.4485
16.6953 33.5982
14.9745 29.1607
13.9116 27.666
14.1637 25.8878
14.7477 22.0174
15.2394 18.3757
14.6677 15.939
12.1303 16.1936
9.64932 16.5095
8.83763 12.1207
8.02032 10.1224
5.40258 13.4609
4.0666 20.9827
6.03764 33.1094
7.74704 43.2422
8.86498 50.8842
10.9016 58.8226
10.9252 66.875
11.3839 75.6926
14.3928 83.8517
13.4624 90.0065
10.757 92.4785
11.9942 95.2629
11.9172 99.2826
10.892 101.227
14.871 101.844
22.7244 100.711
29.6084 99.1572
35.2574 98.8641
38.1324 97.7118
39.0761 93.6802
44.6188 91.1277
52.8257 92.3778
58.5879 95.3029
61.4714 98.0619
61.4468 99.0075
59.8478 99.1888
58.7455 99.3095
57.8678 96.0475
57.3738 89.7393
58.5195 83.551
64.2185 80.7591
71.6704 81.2122
75.2874 79.1915
80.4072 78.6698
86.7541 85.1022
87.6258 92.5111
88.5374 94.6602
91.6775 94.3727
93.4697 96.4577
92.6732 98.5359
92.714 97.8641
96.1217 97.2615
97.5364 98.1003
98.1037 98.7164
100.174 98.4896
100.963 97.4407
100.299 95.371
98.6978 92.3387
98.2705 91.9488
97.6595 92.3413
94.4023 89.684
92.1962 86.1004
91.7724 82.2648
90.055 78.4292
88.2643 75.5516
88.5089 73.2345
87.6871 72.0882
88.2121 73.2327
90.8419 75.4952
91.6072 76.4614
91.7021 75.8067
92.0239 75.3253
91.9345 74.8952
91.4943 74.8517
91.2882 75.7532
91.0592 76.9708
90.6342 77.2288
90.4532 76.8513
90.5185 76.8491
91.6556 74.2263
96.5157 70.9931
103.054 73.9412
104.879 81.6528
105.911 83.1798
108.482 78.296
108.905 76.455
107.851 74.7336
106.468 73.3807
105.856 74.3144
105.854 72.765
105.972 69.364
105.752 67.5325
105.06 66.3148
105.217 62.4414
105.508 57.1113
104.994 51.8257
104.232 49.1285
103.387 48.4929
103.178 48.1863
104.209 49.3195
104.428 50.2701
103.867 49.836
103.845 49.2258
102.984 49.4323
101.964 49.8315
102.556 49.9876
103.775 50.1679
103.472 50.4909
102.477 50.5417
101.952 49.7856
98.3993 51.7749
91.1646 54.3352
86.3624 53.8324
83.4267 53.8877
81.2286 53.9359
81.5801 52.5162
82.159 50.7024
80.7333 50.3682
78.3912 51.0166
77.9596 50.1224
78.1907 49.3968
77.9719 49.8309
77.9529 49.9843
78.0149 50.0945
78.1077 50.1308
78.5362 49.6984
79.4125 49.5051
79.7426 49.4454
79.345 49.2801
78.421 48.6066
75.6191 46.8996
70.6065 50.0998
63.6865 55.8285
59.3625 60.8318
54.7769 62.6861
47.731 61.139
43.0096 65.1189
38.3402 71.5533
33.0722 73.8432
33.1677 72.7536
37.5704 71.989
40.6179 69.6951
41.2072 65.6798
37.8908 65.483
34.2279 69.0408
32.8695 71.9893
32.2155 71.9111
31.9765 71.4877
32.0459 71.8281
32.5032 71.8145
32.6119 71.4496
32.2328 71.3375
31.9748 71.7217
31.4509 71.9597
31.2817 71.7564
31.5213 71.5716
31.6582 71.576
31.1538 71.5095
30.3574 72.1753
30.1294 73.2857
30.1372 73.1215
29.2415 70.9733
28.3273 68.4321
28.1184 68.0235
28.7433 69.2756
29.8743 70.6734
30.7764 71.4347
34.4716 70.439
38.2409 69.8962
39.3284 70.0249
40.3127 68.6982
40.3159 68.269
39.9288 68.5904
40.4384 68.4711
41.0589 67.5651
41.6987 67.1256
42.8147 68.0499
41.5824 68.9064
37.1374 76.0614
31.3098 87.7933
27.0314 93.3754
26.5749 93.5052
27.444 93.3359
27.133 92.6976
26.3297 91.0383
27.2886 89.9854
28.1791 88.7721
27.6632 86.7677
27.6833 85.3501
28.4859 85.5545
29.0098 87.0727
27.6108 89.2506
25.428 93.7603
25.9349 94.6737
28.0088 91.1049
29.051 91.5024
29.7676 95.9702
26.6007 98.5372
21.4314 98.7269
20.6637 98.4499
21.3869 97.8485
22.1262 97.6055
22.983 96.2706
23.4187 94.9768
24.6628 94.2275
25.6712 93.164
25.9785 92.3127
25.5167 91.9614
22.2059 91.147
16.2521 89.2516
14.1936 88.5483
17.8702 87.4098
20.0301 86.276
20.3233 86.8369
21.2844 87.4849
21.3933 88.0382
19.0749 85.9198
18.1357 78.7131
22.5002 71.0294
28.8573 65.2962
37.3416 58.6485
43.7908 53.527
41.9732 49.4944
40.9892 44.7773
44.3955 41.6279
46.1818 40.5362
46.5093 39.6035
45.1971 37.6317
44.4628 36.7522
44.7809 38.1845
42.6453 40.5211
40.0593 42.5754
39.389 42.5847
39.1964 40.9442
37.8785 37.3109
35.6283 31.2317
34.5577 26.787
34.5077 25.7073
39.7408 25.4469
48.6771 25.7685
56.0703 28.5413
58.3118 28.2302
55.8592 24.5444
56.0182 23.0588
63.6721 24.8157
73.819 26.6988
78.9616 23.7993
84.1842 24.4974
88.949 33.2082
89.4164 42.0793
91.0968 43.1758
95.104 37.1723
95.7148 32.6962
94.8035 28.8505
96.7466 24.633
98.634 22.487
99.2047 22.5267
100.484 28.5702
99.0261 39.3524
93.7789 50.0507
90.8488 59.3452
90.5079 65.3635
86.745 69.6372
78.5238 71.1684
68.5069 69.7161
61.9158 68.7816
59.7255 64.8764
57.3185 59.2342
54.4153 55.6708
53.4979 55.7042
53.8135 63.4244
53.9069 75.4599
56.0846 85.358
59.3163 91.789
60.4252 95.1296
59.3956 96.2494
57.8566 96.1371
57.5256 95.9181
58.0071 95.6439
61.6644 96.1329
66.475 98.2979
67.7088 100.042
68.5706 100.041
69.8372 99.7834
70.0374 99.928
72.4533 99.3503
73.1563 99.576
63.3373 100.265
49.4044 98.9964
40.5704 96.4349
36.5209 90.7765
34.0018 80.3036
34.5216 68.5774
37.666 60.4038
38.3357 56.5449
41.9403 54.7875
47.6568 55.759
48.4886 55.7449
48.1145 53.6447
51.2438 53.203
60.8476 53.8415
72.1708 53.3066
79.3433 52.1725
83.2219 58.8052
82.8417 67.4235
81.7858 70.0516
85.9537 72.0099
91.0366 74.9374
92.692 77.974
92.6568 81.4206
92.3055 82.9549
94.2267 78.5758
97.8099 74.8449
99.9781 75.9341
100.993 76.2206
103.52 78.567
105.356 84.4566
105.018 88.6275
106.635 86.7158
108.535 81.2468
108.732 79.5394
108.802 79.7825
108.394 79.8163
107.595 85.4851
106.28 93.4359
107.015 96.1705
108.889 96.4722
108.295 96.9827
107.056 97.6014
107.799 95.8858
107.741 85.319
105.836 73.9647
104.376 70.969
103.832 69.3928
105.825 66.9895
106.629 64.9184
104.692 63.571
103.865 62.9454
104.074 62.5757
103.846 63.0605
103.794 63.4085
103.867 61.2777
104.012 54.3906
103.682 47.0374
103.057 42.44
101.42 40.0247
98.6929 40.9829
94.778 42.1178
88.6743 41.2431
81.5977 38.1823
72.3701 34.625
63.7972 32.5384
59.9736 30.4327
59.5423 29.309
59.5475 31.6347
58.8124 35.0406
58.0193 36.1622
59.1968 37.4552
60.2163 38.9207
58.6127 38.8182
56.0687 34.9255
54.8791 29.1255
54.4797 26.5103
52.8183 25.1688
50.4823 23.2781
48.3221 20.7614
47.1771 18.657
49.9916 15.64
55.8423 12.4382
58.5786 11.0898
56.5618 10.378
52.7178 10.1416
50.7959 9.14397
49.7577 8.0077
47.5866 7.95903
45.8203 9.24355
45.1499 10.7527
45.3012 11.1123
45.4056 11.0162
45.2933 9.98852
45.3194 9.92656
45.0903 13.3097
47.0865 18.8752
53.6765 25.2602
60.6562 34.4231
62.9874 43.9991
62.727 47.2481
63.6353 47.2297
63.7661 49.1828
60.3115 52.984
56.9743 57.3232
55.2842 60.8386
54.6854 63.6504
53.8708 64.771
49.4996 62.1912
45.2292 57.1054
44.006 54.935
44.8885 55.279
45.5796 55.1083
44.6657 58.6394
41.7468 63.3417
38.3569 64.7741
39.7695 68.371
44.3225 75.0618
46.1466 81.4212
46.7399 84.5288
48.1189 85.5155
45.5976 87.0033
41.8671 87.8152
41.5766 88.3795
43.4053 88.2205
48.9718 87.0859
55.2055 90.3173
53.1399 96.7409
47.9681 100.568
43.7037 100.763
39.18 99.574
37.0109 99.1774
35.5195 99.3284
35.6001 100.246
40.7323 100.482
51.6304 96.4917
59.1721 91.0219
61.0752 87.6899
64.342 84.352
68.7479 79.7674
68.8714 76.325
71.2367 74.4857
80.0933 74.035
83.1049 72.4549
80.7117 67.9487
83.8923 66.193
87.2837 67.4699
85.9815 65.9253
85.2778 60.41
82.9978 57.6192
79.8865 58.1845
79.7017 57.2843
83.8456 53.6429
90.5157 50.8517
91.7578 49.736
88.602 48.6686
86.5785 47.3747
88.765 42.7346
95.2969 36.6641
101.576 33.0591
105.283 33.4027
105.112 32.913
102.583 31.3964
100.347 32.4133
99.2534 32.1027
100.258 27.5536
102.238 21.9298
101.942 19.6144
99.7816 19.861
97.6451 19.6263
95.2508 16.65
94.8695 14.2261
95.5027 15.5291
95.535 16.7376
94.6101 16.284
93.4628 15.7751
93.3274 16.6045
92.5354 17.9354
90.8402 17.984
88.566 16.7671
87.4988 12.093
89.6504 7.52172
92.4409 5.95495
92.2247 6.01558
90.4097 8.63823
89.1655 14.6077
88.7749 20.5048
87.841 25.6329
83.8043 26.9403
79.1196 22.968
78.2987 18.4562
77.8323 16.737
75.4513 16.379
74.1706 14.5537
74.0159 14.0254
75.5585 16.3561
75.0605 19.6379
69.1355 22.2663
63.1689 21.1042
61.2668 15.6559
62.1075 10.6706
63.648 8.25168
63.2251 7.75787
61.7344 7.21381
60.9913 7.30581
61.0864 7.51426
61.8507 7.27524
62.071 7.28165
62.9656 6.30336
64.1889 5.91026
64.4873 6.04191
64.1637 5.51185
62.9198 6.13739
61.3548 6.97064
60.7661 7.78386
61.4839 9.52761
61.8778 11.249
61.1241 11.8658
60.7342 11.4441
60.4769 10.9092
60.5612 11.1622
60.9225 11.451
59.5316 10.6745
57.7759 9.60152
57.8741 10.0243
59.2205 13.3461
62.0148 18.7032
62.4018 27.0752
56.2526 32.0961
48.9306 29.382
44.4911 24.7095
42.7977 20.8646
42.0526 20.2742
40.0428 20.7161
38.4264 19.1863
36.6655 17.5859
35.0217 16.5789
34.0511 15.1207
33.1261 13.2076
32.4391 12.0899
31.7175 11.6441
31.4723 11.1811
31.9817 12.3687
33.3529 14.6538
35.5418 17.199
37.3126 21.7224
38.2142 27.5218
38.8235 33.76
39.0371 39.6595
37.148 41.6586
34.0251 41.6539
32.1605 43.6847
32.6823 45.2394
37.5132 48.4478
43.1146 53.5568
49.5613 54.294
57.0379 53.5407
61.9879 52.7939
66.625 50.1306
69.763 46.2968
69.822 41.5292
70.3651 36.2406
75.4758 33.8041
78.8638 36.7466
78.7879 38.4226
83.8498 40.8726
89.6107 48.233
90.4397 56.6457
93.8587 64.5487
101.834 67.5044
106.835 66.9666
107.056 69.2787
106.994 71.8437
107.552 72.8822
106.917 74.3697
103.757 75.2764
99.1601 73.7133
97.2639 72.2192
97.4335 72.0944
98.4803 69.704
99.9465 67.3201
100.877 66.4062
101.153 65.9921
101.14 66.2155
101.207 66.177
101.104 65.795
100.93 65.6556
97.5147 67.5381
90.6147 67.1131
86.4814 64.258
86.8147 63.4191
88.1171 63.5135
88.665 63.7124
88.7309 63.6124
88.6566 63.6922
90.6656 62.8748
92.6332 61.9214
91.0117 62.9497
88.8722 64.7167
88.0371 64.6924
86.8268 66.4981
84.1019 73.1639
81.9426 78.2185
84.8268 82.1794
92.3214 85.0506
98.7121 86.1399
99.7129 91.1095
100.694 95.9391
103.525 97.8276
104.838 98.7468
104.901 98.8591
106.285 97.3361
108.811 93.3446
108.052 85.4534
106.791 76.8359
106.57 70.5805
105.566 65.1134
105.25 59.8051
104.748 53.9404
103.491 48.8427
103.36 47.6023
102.994 47.3335
101.91 45.9751
101.159 46.2623
100.936 46.8239
101.309 48.2216
101.007 50.0298
99.7324 51.3099
98.6276 51.7466
98.4902 52.2158
98.4387 52.7556
98.369 51.4215
96.9739 47.7186
92.6571 46.738
87.7731 49.3863
81.8352 53.1633
71.5229 59.2943
60.5976 65.5151
53.2185 72.5715
44.5928 81.7761
34.9192 88.7857
29.7761 93.8322
32.7206 98.3215
34.8134 100.683
31.0281 100.777
27.8424 97.4882
25.1689 94.9594
23.9612 94.7014
24.1231 94.234
24.149 93.2703
24.226 92.7653
21.8768 92.7196
20.6991 90.3405
22.5092 87.0537
24.1396 85.6463
23.0702 85.7753
21.5713 86.1612
23.0085 87.4424
24.2183 89.8223
25.027 89.4152
25.7546 88.9418
26.9174 90.2146
28.0467 90.2736
28.6136 90.6869
29.2185 90.5852
29.6832 89.6116
30.12 90.3898
30.0932 90.3708
29.8982 89.277
29.8083 89.2446
29.3264 89.2397
28.9561 88.8269
29.0237 88.5014
29.2398 88.0904
29.4895 87.8514
29.5839 87.9967
29.5342 87.8177
28.7029 87.8064
26.0968 90.002
24.4621 91.4753
25.5908 89.4329
27.1269 88.5996
28.0151 88.6812
28.6239 88.165
28.8077 87.6222
26.0324 86.5154
23.3021 84.6109
23.8175 83.8796
25.894 83.9263
27.6872 83.1999
27.9905 83.1178
26.8026 83.7552
26.1442 84.2257
25.2612 85.9711
24.7757 88.0852
26.1592 87.9216
27.1667 88.5292
28.0369 88.9783
28.5139 87.9216
29.002 87.6814
28.7544 88.4745
28.1565 89.9652
28.695 90.2948
29.5043 89.7072
29.7484 89.4631
29.6104 88.6974
28.1206 88.0489
22.6252 89.5203
16.9263 89.6805
16.4929 85.4122
17.3146 82.5687
18.4099 82.6517
20.4656 84.0891
22.1079 85.4341
22.4948 84.8867
22.8441 79.2715
27.8511 70.8219
34.1708 66.6857
37.9767 65.6273
42.4486 66.5461
46.3845 65.9685
48.6435 61.7602
52.6169 55.9448
56.48 50.7318
57.0586 48.4418
58.0366 47.7109
58.9818 47.3647
58.9342 47.8578
58.789 49.3212
57.3522 51.1733
56.5274 52.1157
55.8079 52.414
54.5305 52.2751
53.8908 51.5742
53.7126 51.1023
52.7919 51.9092
52.4735 52.5735
52.9693 50.5795
54.1077 42.8335
55.4305 34.1385
56.7087 29.2135
57.0745 26.0225
56.0932 25.1074
56.0824 24.8782
56.7112 25.2092
57.5642 27.1294
58.4981 29.4794
58.9138 30.8234
58.6692 31.1651
57.9915 28.24
58.3827 21.9531
60.365 17.4446
61.733 14.6725
61.7018 13.4967
62.1538 13.8994
63.0005 14.1083
59.8155 13.6635
52.9939 12.4143
49.6593 11.7485
50.4728 14.266
54.1398 21.3307
59.7441 29.7374
60.2936 38.0038
55.2571 42.6989
51.3394 42.4433
50.5152 42.9893
49.7794 45.6563
49.432 46.6366
53.8589 45.9735
58.3401 47.5593
57.6977 50.5908
51.916 49.3566
43.5494 43.7167
39.2878 37.4681
37.3523 34.2647
35.3311 33.0548
35.1505 32.848
37.6579 41.3334
40.1751 54.9626
46.3937 63.6621
53.2739 68.4928
54.0476 71.0749
52.7314 72.8205
52.7848 75.0483
52.4877 77.2934
49.858 78.8119
52.6209 75.501
59.1211 67.0592
62.9126 59.102
66.9447 54.6988
67.7351 51.19
69.405 51.3795
78.2801 56.7654
86.1321 64.3455
87.2334 71.3648
86.6483 73.2048
88.383 66.5388
91.5111 57.7236
98.7663 58.557
105.646 66.034
106.768 72.9707
107.122 76.6308
108.608 77.3515
108.491 78.6892
108.35 81.3094
108.678 82.7409
108.6 82.7255
107.79 84.0558
106.774 88.6204
105.941 94.5737
104.659 98.2549
103.257 99.4273
102.112 100.398
101.74 100.039
102.36 98.8381
102.849 98.7
102.995 98.8191
102.835 98.9914
102.62 99.2396
100.522 98.271
91.9361 93.0045
81.8371 87.5898
78.5734 87.845
77.0329 90.2233
71.4518 90.6628
67.5216 89.4139
65.3474 92.5407
63.2186 98.6253
61.019 99.9957
58.1023 99.6318
57.3876 100.535
55.2614 100.107
50.0829 96.2164
44.7217 86.2876
41.5118 72.3519
43.0445 62.2335
45.1045 58.0897
44.6615 55.6456
49.9277 53.0542
58.379 51.93
61.4123 49.6442
61.7227 46.0101
63.2614 43.6305
71.476 44.3346
81.8336 46.3399
85.445 44.5688
86.3002 42.0527
84.4812 41.7732
78.1408 38.2947
71.741 33.2379
65.6381 33.5248
57.9627 35.5894
52.448 32.1603
50.2524 28.091
48.2874 28.2907
46.7697 30.2327
44.8818 31.7977
42.9956 33.3074
42.9484 38.3601
40.9342 45.7117
36.0449 47.4794
32.2267 45.7935
30.3558 45.3288
29.2046 42.0094
28.3921 40.4291
28.4084 40.6331
27.9866 38.8419
29.0371 40.1985
33.1123 47.6682
36.6613 55.6192
36.8501 61.0863
35.3272 64.716
31.979 65.8228
28.018 66.7297
24.6255 67.2089
20.9722 66.7458
20.2426 67.7434
18.1877 71.3689
13.2648 77.7072
10.2498 83.1953
9.27229 84.5102
9.3247 85.2309
12.0307 87.2028
14.7306 89.6426
14.3581 92.356
15.1077 94.693
17.5166 96.7395
20.7989 96.4435
26.9704 94.175
32.4974 91.8941
32.8016 87.7183
30.6178 84.3602
29.1399 82.8087
28.4026 78.5088
28.7058 73.4354
29.3943 69.6682
30.6463 67.619
34.2302 67.7722
37.4561 65.4702
36.1655 60.1739
33.1115 55.95
31.3277 53.8244
31.0062 52.2551
31.6695 50.5765
35.0843 51.2167
38.2918 53.7834
37.9682 51.908
37.5226 43.0858
39.3351 33.8241
43.9768 28.0225
48.3088 24.4111
50.0587 21.8472
51.0333 20.2685
52.2263 20.0404
51.2944 20.6692
48.3234 21.8505
46.1464 22.8966
45.9232 22.6144
50.3505 25.2082
58.2209 36.64
65.3043 44.3506
70.2946 41.7484
71.7476 37.4068
73.9448 35.0822
78.4046 40.8533
80.2949 49.7825
80.2331 54.0151
82.1223 52.9502
83.6568 48.8072
83.8707 45.6444
84.0064 44.3734
83.1048 47.0729
81.7508 52.8829
78.437 58.1042
76.2823 61.1266
76.6711 62.5179
71.0815 64.2462
61.2322 67.5416
56.3146 68.555
55.7047 67.4813
53.8348 66.3532
50.1112 64.1124
46.8322 60.6187
43.5995 54.4214
42.5225 49.7749
43.4138 48.0297
42.3238 46.0008
40.4692 45.0236
39.9718 47.8742
41.3139 54.1108
41.8299 56.7616
38.4205 55.4261
34.0281 53.1299
30.8303 51.7218
27.8756 49.4405
25.9015 45.0534
23.8573 44.6707
23.6216 41.2649
25.4221 34.1164
25.8513 31.375
24.8293 31.2592
21.617 31.2791
15.2921 29.3788
10.8334 26.7315
10.5613 25.8702
10.5373 25.463
10.416 22.571
10.0855 17.8223
8.66927 14.6302
7.77154 12.9082
7.42181 12.4976
6.05373 13.2254
4.88038 14.311
5.0665 21.1987
6.27672 30.4138
7.0085 36.607
6.72092 39.6454
6.78851 38.8679
6.91081 37.8458
7.45024 38.6508
10.2032 40.8724
12.7942 43.9976
12.5451 47.2677
11.7754 49.7957
13.0137 50.8564
17.533 48.7675
25.7085 48.5976
30.6631 52.2428
31.8282 52.2967
36.3764 48.314
41.2746 44.2065
41.3722 40.648
39.9295 37.8694
40.1641 35.8678
42.7697 34.2765
46.4493 32.5071
48.7711 31.0135
51.9866 30.5284
57.2078 31.3976
59.5587 31.521
58.7087 29.5096
58.2038 26.5158
61.5553 28.0026
68.589 37.7904
74.2758 44.8348
76.2905 50.3138
75.6727 57.5764
76.834 60.0124
79.5437 63.7063
80.6368 70.2263
81.0229 74.6611
82.0103 78.4167
83.41 82.385
83.8387 84.1915
84.1839 83.5135
87.4785 78.822
89.2088 70.9971
90.0273 67.1873
91.5019 66.1796
91.7785 63.6214
92.6235 61.9034
95.6064 62.2543
100.426 64.0228
104.431 65.9808
106.656 68.1914
105.357 67.0531
104.638 60.8332
106.347 56.516
106.055 54.0827
104.291 50.0078
103.305 46.1106
101.996 43.2024
100.938 40.8204
101.027 38.0772
100.082 35.323
98.2385 33.1871
96.6388 31.2925
95.0632 30.1078
94.2248 29.7442
93.6378 28.8835
91.6458 27.4694
89.6893 25.0432
88.9115 21.6455
88.1296 19.3824
89.1182 16.6246
94.2918 12.7672
99.4626 11.1598
99.522 9.50705
97.4823 6.24211
97.7364 4.4636
98.5005 3.68123
98.5441 3.23883
98.6491 3.44708
97.737 4.50702
96.1231 9.18735
94.342 18.2874
88.9756 23.427
83.5415 21.6402
82.0803 19.9043
83.641 23.2031
83.764 32.7536
77.8063 40.8075
69.6231 39.8088
63.0058 35.2592
59.4342 30.6357
58.502 28.0613
58.3931 33.6572
58.4172 41.4969
58.5904 46.0044
57.9264 47.8325
58.1909 47.9508
59.1722 51.0172
58.7142 53.9468
62.8904 55.486
71.4528 58.4494
78.7015 61.6728
85.8217 67.629
91.589 73.6813
93.7595 76.1779
94.8294 73.9528
96.4277 68.3302
98.7708 66.4206
100.972 67.7974
99.3972 72.6972
92.0413 82.3492
84.5627 89.1148
78.8765 90.0066
72.9381 91.1896
71.6873 96.0865
72.7239 100.028
71.1998 100.955
69.2475 100.239
68.5839 98.1024
68.5052 96.2256
68.2563 97.4394
65.779 99.3645
63.0638 99.6491
61.201 98.3126
56.8709 96.6783
53.0862 98.1178
50.0712 100.037
47.4745 100.51
46.6919 100.167
46.3845 99.609
45.0088 98.6193
41.7214 97.9702
38.7177 98.2092
36.1886 97.8764
33.8705 98.2486
31.2919 99.1811
27.8825 99.039
25.1064 95.1472
25.5894 87.3527
28.1636 81.5355
30.9644 78.5977
34.3871 78.3882
36.7957 77.3942
42.2346 76.3668
49.166 75.8574
55.148 70.454
62.4501 64.0698
67.5296 59.006
69.5972 55.3319
70.8218 52.677
69.8485 48.9515
65.4821 43.8054
61.1731 38.8718
59.4366 36.1865
60.2007 37.5635
61.4971 40.488
61.8193 41.9966
61.8623 43.3003
61.4319 44.3293
60.4534 44.6435
60.1925 44.5345
59.4559 42.0607
58.0436 35.2685
57.0628 25.9133
55.7718 19.1944
54.0077 15.3991
52.2717 11.7385
52.7342 8.55603
53.7669 7.02729
54.6408 7.02004
55.5674 7.0506
53.4887 7.26427
51.5814 8.38983
52.1057 10.5281
52.6457 12.026
52.9405 12.7774
54.0584 13.2631
54.9575 13.4138
53.0513 11.5775
51.3991 8.86325
51.5025 8.04175
51.3484 7.84075
52.4783 9.71604
54.2369 13.36
56.5955 15.5913
60.0041 16.0903
61.5099 16.2791
61.115 18.0289
60.3123 20.8724
59.9392 22.9977
59.6259 24.3359
58.3618 24.7082
57.6122 24.485
56.6811 21.5429
58.1438 14.2734
63.2646 7.14483
68.2281 4.12545
71.7736 4.07273
73.6087 4.48335
69.4544 6.41663
63.2714 10.2894
61.9173 11.6785
61.7096 10.5472
59.9693 11.6886
52.907 12.6864
46.1406 11.3977
45.9202 12.879
47.0412 14.9809
47.3184 14.9999
46.6143 13.2197
45.3454 11.0514
