15.2711 98.5426
11.7881 98.2823
9.86022 97.6199
10.1152 93.5854
11.4221 87.9518
12.6765 80.7815
13.5492 72.8392
13.3036 66.3987
13.0938 60.6737
13.1456 56.0614
11.0165 49.0857
8.64539 37.8405
6.79858 29.1877
5.20947 26.4665
7.0045 25.7926
10.567 24.838
14.3845 23.4381
17.2296 22.5849
17.8152 22.7377
17.6029 22.8209
17.6491 23.0957
18.7906 23.6848
18.8433 23.529
16.3553 22.7756
15.309 23.2999
16.2886 24.2068
16.5233 24.4891
16.7863 25.0716
17.2768 25.543
17.1808 25.6296
16.9518 25.5687
16.8524 25.5095
16.8646 25.5324
17.682 24.0131
23.3563 19.8077
30.6158 21.53
35.6074 25.9401
39.0182 27.4057
38.7892 30.8527
39.546 33.1834
42.5138 33.3832
47.1024 32.0003
54.5547 30.5313
62.7392 28.7955
69.3444 26.5373
75.0805 25.2058
77.8119 30.2296
75.7516 39.1607
71.0929 44.6161
67.3569 48.9642
65.8505 52.5875
67.0642 53.9628
73.4344 52.5059
77.0581 51.055
77.1174 50.3647
79.7382 49.0395
81.722 51.6064
82.8121 58.3862
83.5689 64.1267
83.3784 66.4156
85.8308 63.5234
93.3294 59.052
99.6775 59.1909
97.3028 56.5072
88.5375 45.0395
80.0959 34.8998
72.5114 33.3272
67.0809 39.5465
65.3566 45.5166
60.8666 47.5792
56.0169 49.0811
53.8423 53.283
50.9177 60.1062
47.5175 65.5604
44.3017 68.2034
40.3496 69.4122
36.5537 71.0557
33.3111 72.7404
31.9026 71.9878
33.5644 62.2393
35.3622 47.6009
38.4543 35.7328
44.4563 27.44
49.7392 23.2406
50.0242 20.9973
47.3639 19.1925
47.8357 18.0253
55.1193 18.7104
62.2038 18.4359
60.195 14.425
56.4652 10.5221
56.3117 8.29431
55.1912 6.87665
55.0492 6.92362
53.0966 8.07119
48.659 8.03349
46.1825 7.41007
45.0157 7.64348
47.4777 8.84684
53.4082 10.0192
62.1311 11.3356
67.7392 18.4411
67.0608 30.2772
65.7736 37.4287
69.9791 36.2404
76.7898 34.6834
79.3841 35.3269
81.5741 34.3036
82.5431 34.957
80.7056 36.4885
80.5865 32.1734
83.6457 27.3109
86.6119 27.6203
87.6809 28.3055
87.8597 28.5932
87.9027 29.1429
87.8564 28.8083
87.3242 28.1169
87.0985 27.5856
87.3772 27.5041
87.5526 27.5997
87.6637 27.5706
87.5532 27.2645
85.6856 24.7324
81.5342 21.272
80.2553 19.7216
81.5953 18.7475
81.1624 18.5587
77.9246 19.2047
72.5023 19.1932
69.614 16.45
68.6474 11.3917
66.2564 7.39848
62.4308 6.39762
59.3544 6.90744
58.2635 6.56572
63.0735 5.28781
75.6487 7.24546
84.1597 14.9169
85.7915 24.5725
87.056 33.3151
88.3189 40.4889
83.543 48.2578
76.0993 55.8236
73.1819 62.0049
71.4493 67.2952
70.0072 69.6958
71.9582 70.4116
78.4574 71.1012
84.3086 75.5751
85.3787 84.1885
82.3452 88.3358
79.8564 88.4576
79.9614 89.268
77.913 89.7992
75.4255 90.7511
74.0672 90.447
72.6681 88.5305
74.1366 90.7206
74.2639 92.7451
65.74 86.8454
52.219 79.3979
42.6777 76.1385
38.3665 76.3872
35.1195 79.5541
29.1909 79.1805
24.0287 73.1495
24.6508 64.3844
30.5475 52.7493
38.9371 41.5952
46.7178 35.3879
49.1862 32.0122
48.5081 29.5166
50.2602 29.4989
53.1668 29.6566
55.2898 28.8768
53.317 30.1324
51.0766 33.0669
50.7427 35.0339
49.2498 36.2762
48.4494 36.4476
48.9518 36.2091
49.2694 36.4708
48.7676 36.7244
49.0496 37.4854
49.2218 37.6185
48.582 37.1521
48.4297 36.9097
48.0341 36.5445
47.6897 36.3563
47.9049 35.6129
52.5919 32.6624
61.2786 32.2148
67.8349 36.5691
71.7143 41.9701
74.8545 44.373
76.8274 42.6806
78.4988 37.9588
82.254 33.9832
84.8495 33.0721
83.7248 29.9067
86.243 28.5059
92.3423 33.5881
95.4913 38.4904
96.6209 37.5867
96.0962 33.5876
94.4571 29.7286
96.6203 24.9537
100.984 20.3055
101.04 17.1787
101.907 15.7943
103.154 14.9195
100.31 12.3838
92.1707 14.9611
81.6214 22.659
73.2993 30.4979
61.4633 34.9946
50.5843 35.1277
48.267 35.3053
49.5162 37.4899
51.2859 42.1555
51.3082 44.9096
52.2699 45.6158
55.4227 46.7946
55.9657 48.14
55.3524 49.0712
57.5832 49.9784
59.7809 51.5847
59.3312 52.5525
60.5991 52.5582
63.2529 51.724
68.194 52.8126
74.3301 56.7569
77.4972 62.3268
79.18 67.1848
81.1283 68.5253
84.1477 61.5503
86.5932 51.2614
87.0666 45.8356
81.9473 43.3973
75.8921 41.1398
75.5369 39.4086
76.2143 38.0145
75.2297 29.1756
74.8891 19.4091
72.91 13.6464
67.7052 15.1052
58.6428 24.9973
47.3491 30.6622
39.0025 32.2585
31.6165 33.1024
27.1628 32.8154
28.8965 31.8231
28.8995 27.4343
25.1822 22.0415
25.3438 25.4397
31.0759 39.1448
37.7251 51.4765
45.9457 56.479
51.5724 58.3217
52.1851 59.5582
55.9108 57.3029
59.9751 59.0488
58.2467 67.4505
56.5576 72.8755
56.8592 75.4928
56.2805 77.485
53.2668 77.9561
48.2881 78.1295
47.4167 79.8913
47.9451 81.3435
48.1797 81.2352
47.8257 83.3788
40.3389 85.2322
32.4432 81.1864
31.5611 76.7157
31.2314 78.6259
27.83 83.8314
24.3369 87.0301
23.443 82.8722
27.2694 71.9175
32.2723 61.3869
32.8329 53.4545
31.5105 48.5645
33.6919 46.5299
42.2021 44.7993
48.4389 42.2636
46.3925 39.1071
45.3545 38.4671
51.0886 44.408
54.7181 51.0295
54.1437 53.6076
53.253 54.7704
55.6841 52.19
60.2523 46.2104
60.1528 40.637
59.598 37.7141
66.8358 41.7226
74.9357 45.7213
75.9314 44.1014
74.6852 43.4418
77.7614 48.918
85.4906 59.609
92.7173 69.8431
98.6547 73.9645
102.418 75.0587
103.743 79.3956
106.404 80.1151
107.689 80.3294
104.83 86.7153
103.431 92.2777
105.666 94.9197
107.421 97.3745
107.019 99.7487
106.623 100.733
106.777 100.682
107.146 100.395
107.368 100.135
107.309 99.9842
105.648 99.9955
100.744 98.9937
93.1432 94.9103
87.5541 88.3389
84.8006 82.619
80.4396 76.6767
74.2813 66.97
67.6446 59.3705
62.0917 56.7554
58.7998 51.0663
54.1824 41.3892
49.9018 34.7405
49.8041 32.3378
49.3215 32.1695
49.0511 31.4425
52.7083 29.7635
56.9343 29.034
57.9521 26.497
58.1665 22.2142
60.7407 17.7036
61.0195 13.5652
58.6267 8.64959
58.4256 5.79773
58.7969 6.11196
53.4717 7.87487
44.1586 9.47643
36.6575 10.1996
32.5567 10.5739
30.7409 10.3165
26.8035 12.6972
22.5007 13.4823
21.9527 13.295
25.1292 19.6589
26.2009 29.8551
20.5799 35.3246
16.8002 37.9721
18.1389 40.4465
19.0672 40.9263
22.3061 42.0806
28.9832 42.3112
33.4258 44.4172
32.8843 49.1722
32.6316 51.1691
34.0618 51.5348
34.8471 51.6652
35.2815 51.4993
34.7985 51.1943
30.7296 52.4403
28.4296 54.3821
31.568 53.9124
38.0434 50.4595
45.6099 49.0017
49.6673 55.9261
50.4764 66.415
50.6544 72.0796
51.3655 72.7812
55.1265 68.1728
61.9437 62.4419
65.9986 61.9635
68.6854 61.5094
72.038 60.9624
74.1712 63.335
73.8861 64.4983
71.7781 61.6012
70.9455 57.5246
69.2761 53.7463
66.0629 50.2744
65.4457 49.203
70.8153 50.3528
73.5069 48.4982
69.2868 42.5755
62.9468 38.1672
57.5158 39.9402
56.6865 45.4462
57.2127 46.737
55.5013 42.1664
52.2049 37.8306
49.278 39.429
48.174 38.2664
50.6277 32.2458
55.6445 28.8055
59.7677 26.9128
61.9147 25.455
62.4055 23.7758
64.7571 20.9878
68.5414 17.2113
71.6805 14.7273
74.9098 14.7256
69.7449 17.5347
55.7668 23.449
45.7048 29.0489
43.8558 33.2052
45.3285 40.2339
51.9689 45.8756
60.5363 47.5453
63.9293 50.0866
67.6676 54.457
68.5803 60.3487
64.6795 64.7832
64.4486 68.0634
63.8203 71.224
60.8126 73.1385
61.3112 73.6876
68.0057 71.177
75.2703 68.3603
77.9376 67.3174
79.3578 62.6548
79.8279 57.0157
78.158 52.6204
77.5409 49.2961
82.4021 51.2808
89.0932 55.0578
92.5864 59.506
92.3122 67.1062
89.7822 71.1141
88.5203 70.7998
89.6858 73.6296
91.9381 77.4448
93.6255 79.679
94.7112 81.0514
95.8115 80.3422
96.4768 79.276
93.3958 80.0079
88.3645 81.2022
86.3929 82.6761
86.2326 84.1685
85.1714 84.6605
84.4174 84.8326
83.6466 88.9228
82.3608 95.5125
81.9431 98.9475
83.0378 99.8535
84.6576 99.9072
85.7467 99.9943
86.4058 99.9227
86.9386 99.8199
87.6636 99.7395
87.6425 99.5528
87.5315 99.4315
88.9099 99.5823
90.1671 99.7627
89.6488 99.5102
88.9753 99.1013
92.0132 99.3211
100.423 98.5364
106.33 97.7386
106.657 94.1582
106.868 85.4455
107.934 78.6471
108.224 76.3879
108.068 76.7303
108.158 77.4923
108.196 78.6771
108.494 80.641
108.524 82.3909
107.557 81.5939
107.148 78.7298
106.894 76.0889
104.831 72.7468
104.869 67.6055
106.746 64.9287
106.575 64.902
105.021 61.9374
101.099 57.3707
94.635 54.097
88.412 51.465
84.4792 46.0829
81.85 40.041
80.4609 37.8158
80.5756 37.566
84.675 35.8737
88.98 34.1896
92.0554 34.1297
97.0943 34.951
99.3743 34.2248
97.7468 32.578
90.593 33.1228
82.3075 35.9597
75.204 41.3029
66.3505 45.6606
59.0985 47.1686
53.478 47.5221
49.561 47.7997
48.1498 47.2226
48.0774 44.6275
48.5377 42.8103
48.6444 42.8613
48.4523 43.2132
46.8597 44.6877
42.872 47.9556
38.7483 51.6197
36.4227 53.9276
35.1186 54.7301
33.3574 54.4582
30.476 53.5014
27.852 52.7802
26.2204 52.5467
25.4613 52.7111
25.4738 50.049
24.4749 44.9639
23.1308 41.6719
23.6027 38.9092
24.2367 36.379
23.7762 35.0843
24.3814 33.2352
24.5556 30.6177
22.6081 28.278
22.0587 26.923
23.998 25.9194
26.8939 26.1977
28.4502 29.4997
27.7017 31.54
26.8056 30.3664
26.9458 28.4765
26.9783 26.9694
26.7398 27.1431
26.9782 28.1633
27.6683 28.6985
28.0794 29.4964
27.2621 29.723
27.9179 29.3599
29.0445 29.9072
29.9153 30.8069
30.1074 31.3994
28.9707 31.758
29.6862 31.7815
30.4621 31.7546
30.2386 30.9348
34.4105 27.8499
42.2581 28.1489
48.3169 31.8622
51.5024 31.3255
56.301 28.455
64.4233 25.5367
69.9402 19.7069
74.9909 16.1429
80.2281 16.8009
81.332 14.9616
80.2173 12.7262
80.3965 13.1575
84.4289 15.5185
90.9497 14.8544
95.7355 10.0538
99.9723 8.77366
101.194 15.7133
98.2316 27.2315
97.6345 36.7003
100.551 43.5413
102.683 51.0122
103.386 59.3331
102.495 64.5602
100.336 67.3573
99.5654 71.2659
98.4585 74.4779
94.6763 75.567
90.558 75.65
89.6043 75.7399
91.7334 78.0723
93.6313 80.3569
97.7608 82.8486
104.152 83.68
106.243 82.7798
106.752 84.8321
108.325 87.1964
108.53 88.9347
107.732 90.918
107.181 93.9693
107.108 96.6923
104.856 96.7669
96.1521 92.6285
85.3057 87.5702
76.0537 84.2676
66.8626 77.8993
59.5607 73.026
51.8888 76.3448
46.9159 84.5639
46.9749 92.0584
46.4907 97.321
45.5507 100.562
45.0893 101.481
44.0105 101.399
42.8375 100.797
42.8021 100.604
43.5602 101.159
44.646 101.412
47.7214 101.17
55.7136 100.05
63.3976 99.0779
66.5038 98.9568
67.5453 98.2256
68.2343 98.0498
70.5641 98.5367
73.8657 97.727
77.7179 96.6166
82.1269 96.2798
85.6434 97.2518
88.2184 97.0518
91.4333 95.1883
94.5081 94.7588
96.9612 93.2654
100.634 91.6937
103.543 92.0187
101.234 91.1946
91.0218 85.9269
81.7185 79.1676
77.5187 73.9159
72.6548 70.706
68.3703 69.3131
65.4935 67.1934
62.6905 63.3745
62.6752 58.0593
63.8053 54.3806
68.0088 51.8657
72.4208 49.3452
72.1745 48.852
74.733 48.7444
80.5197 48.7552
85.0061 50.8403
86.9765 54.1831
87.8357 53.0711
92.1591 46.1187
97.2805 39.7126
97.3185 34.5105
98.5808 29.8049
103.222 27.0438
105.294 25.2886
104.617 21.0728
102.966 12.8299
100.526 5.55852
95.5278 4.05407
87.7813 4.77823
81.553 5.27136
76.2859 6.43082
71.0157 6.80903
68.876 6.49354
68.1566 6.41526
66.9886 6.80785
66.0153 9.46761
64.4089 12.1776
61.8758 9.74349
60.1412 7.30047
59.7521 8.90792
61.2932 14.0103
62.372 18.3929
60.9165 18.0886
59.5345 16.8107
58.8459 15.8494
58.1766 16.0163
57.8287 18.0974
59.1439 21.2022
60.641 25.2307
60.2887 28.0568
59.6643 28.6167
60.8556 27.2604
62.2604 24.6491
61.8639 23.0447
60.7521 22.9213
60.6573 23.0431
60.5372 23.0437
59.8547 23.1722
59.5632 23.2805
59.7548 23.1743
61.1188 23.801
62.4615 24.3272
62.332 24.0747
61.8103 24.4836
61.473 24.7835
61.1657 24.4656
60.9959 24.5511
60.9574 25.0577
61.7782 25.9546
63.3146 31.1061
64.2398 36.9045
64.1118 38.6281
61.6471 36.6026
57.5522 32.944
54.0652 31.5253
52.4668 31.5001
52.4346 31.5542
52.8142 32.1938
52.8349 32.3
48.5031 31.8739
39.1885 31.1924
30.0994 30.2429
22.58 29.5559
15.38 29.2111
13.9687 28.7928
15.8745 28.3527
15.6863 28.8565
15.2599 28.5052
14.4369 24.9258
14.6742 21.4469
15.747 20.3102
16.191 19.9896
17.4684 20.1694
18.6748 20.3782
18.4754 20.9809
18.0598 21.6405
17.8425 21.8573
17.9325 21.9601
18.3285 22.2605
18.5905 22.6085
18.4229 23.2608
18.3793 23.8272
18.3 24.0986
18.2976 23.4763
17.4868 21.3981
16.1044 20.488
16.1684 20.5386
13.815 19.1571
10.3311 22.3031
11.5771 27.3244
12.8701 27.1982
12.4558 26.0939
12.9865 25.1237
13.6388 24.7613
13.9997 24.9529
12.7648 24.5526
11.349 20.0746
14.6161 15.1059
18.9698 15.623
19.9965 17.76
21.5292 19.0148
22.8535 19.2817
22.824 20.057
22.824 20.73
22.5118 20.9473
21.7566 21.4121
21.9887 21.7807
27.4167 22.5382
35.2872 24.8608
40.9737 27.0506
47.9547 27.716
55.7159 29.238
58.2004 31.1322
59.3905 31.7448
60.8609 32.0668
60.3667 31.9383
60.6571 32.2354
60.0338 33.9057
59.27 36.838
59.8877 38.8845
59.7822 38.3919
59.9084 38.1395
60.5887 37.9585
60.4949 37.8904
60.1514 38.2366
60.2234 37.6642
60.4284 37.2073
60.2329 37.2392
60.2748 37.5536
60.74 37.7949
60.7707 37.7525
60.3653 37.681
60.1402 37.715
60.4099 38.0702
61.2578 38.4199
62.5307 38.7662
63.5159 39.2153
62.9512 40.1898
61.1929 41.8831
60.4595 41.9049
60.2914 40.7254
58.8901 40.4321
57.647 39.1324
58.6181 36.7683
58.9693 31.0157
55.4917 21.9929
55.3447 17.5488
59.1284 17.4096
59.7615 18.2015
62.0739 23.2744
65.7088 31.2707
66.6039 34.2897
66.0214 34.1395
62.2942 33.0158
59.7362 30.351
60.2662 28.8605
62.6363 26.0772
65.0244 22.3021
65.2104 20.8196
64.8472 21.3652
65.3874 22.5148
65.7945 22.2211
66.3109 21.6269
67.3528 20.9605
66.3409 19.8736
65.3736 20.5516
65.7368 22.0362
65.3738 22.951
64.95 23.4872
64.9858 24.0999
64.611 24.4529
64.1295 24.8377
64.0826 25.4727
64.23 25.9704
64.1446 26.2038
63.8916 26.3402
63.5168 26.0979
65.6505 26.0249
70.6158 28.6253
70.335 34.4974
65.0367 44.0375
59.3101 56.4106
51.6751 64.2488
42.8525 71.3969
38.3668 77.7214
38.6345 77.9473
33.8935 82.2259
25.0626 88.7849
19.3754 90.6455
16.6409 89.6776
19.2792 91.7183
26.3276 96.6907
26.6461 98.513
19.9344 92.2865
12.71 81.5287
9.60784 69.4336
9.34604 59.8117
7.9518 56.1265
7.40753 54.0316
8.9397 53.9484
8.56231 54.6853
6.58717 54.295
6.51577 53.4434
6.14001 53.2981
6.2652 51.2883
6.65961 47.9515
6.19764 44.8425
6.09826 40.8267
6.19995 36.7465
4.91507 33.2586
4.49029 31.0712
13.1904 31.7503
25.0106 35.4143
31.2942 34.7383
31.1176 28.8389
28.9983 26.2432
29.5552 28.1849
39.4686 30.1167
52.6907 30.797
57.0636 32.6686
57.5231 32.0965
55.6714 29.6962
54.2874 29.5664
54.5705 30.1526
54.6732 30.5542
54.6291 29.3483
54.2214 24.1064
55.5731 20.0805
57.1914 20.2252
55.8788 21.3702
54.79 22.8191
53.9518 23.4685
53.9419 23.9852
54.6175 24.3345
53.9651 24.5651
53.797 25.4358
54.0986 26.1388
54.6294 27.3728
54.8767 29.1019
58.725 28.7837
66.0569 30.5977
71.8222 34.6816
77.2708 39.7564
80.5707 45.1087
81.0736 46.7218
80.897 46.6091
80.9445 46.1858
81.0904 45.3935
80.7154 45.5861
79.7462 45.6111
82.1593 44.3647
90.4204 45.9248
98.8576 51.7113
103.026 56.8893
103.098 58.903
102.052 59.2461
101.083 58.3906
99.8483 57.1143
98.9027 55.5023
98.5105 55.2007
99.2626 57.8884
100.705 61.5092
101.149 66.7418
102.303 74.1326
104.922 79.2899
100.395 83.7944
88.9855 90.3482
78.9995 93.5657
73.4957 94.1817
71.9215 94.1511
67.9725 94.8325
62.4078 96.4048
59.5488 95.8125
59.2589 96.3099
59.0119 96.9386
58.016 96.1359
57.4268 96.3291
52.4933 95.7005
46.7041 90.1627
45.066 79.3994
44.8064 69.9547
44.1517 63.4941
42.3002 55.3752
41.0955 48.7437
39.9258 46.0047
38.1022 43.5778
37.0282 40.6326
37.6606 39.7463
39.4542 38.741
40.6127 35.1357
42.0975 32.1817
43.627 30.6028
44.3486 30.1375
44.4952 30.6004
43.9258 30.2698
43.5172 29.8268
43.5544 29.9793
43.6822 29.833
45.3942 29.8738
46.5409 29.9285
45.2228 29.8235
43.8767 30.0464
44.3007 30.6363
46.9054 31.3284
47.3706 31.1117
45.9921 31.4853
45.3041 33
44.3856 33.5618
44.4158 33.707
44.3293 34.0667
43.6451 32.5168
38.1854 29.4138
26.5732 27.9053
17.1964 28.071
12.6053 26.5943
11.4311 24.7611
13.004 24.5451
13.9965 25.0907
12.369 26.2627
8.48714 25.8262
5.41055 20.5588
5.04407 15.0324
5.05137 13.1344
4.4096 11.7141
5.87243 13.9081
6.97111 18.191
7.19284 19.9684
9.67721 20.4848
12.0994 20.7176
10.5305 21.5767
8.37649 30.2303
9.79211 45.0252
13.2002 53.6923
17.4603 57.4568
18.4232 62.2549
15.8741 66.6938
13.2634 69.5294
12.5457 71.9464
15.3049 73.1688
19.4796 73.3979
22.6881 74.4657
24.9792 74.6013
28.0172 69.7327
31.3809 64.7122
32.0873 61.0049
31.8855 60.6475
34.8356 62.0629
38.9543 59.9782
39.125 58.6964
37.0248 58.4584
35.3474 58.3272
35.168 58.3714
35.9227 58.6753
36.6427 58.9283
37.4267 59.0019
37.4572 58.9652
36.9426 57.3601
38.6112 49.3505
42.4455 37.4956
43.7893 28.3847
44.292 24.6519
45.3019 24.7585
45.4343 25.7398
45.2248 26.6491
45.2968 26.925
45.7124 26.9585
45.9006 26.9065
46.0894 27.1132
46.3659 27.4009
46.5301 27.536
46.2143 27.6012
45.9137 27.6842
43.9128 26.5834
39.7016 28.8081
36.6359 33.3305
37.4778 32.5958
39.1141 30.4058
40.5219 29.9734
42.088 29.8901
41.5463 30.3314
41.2893 30.8106
41.7138 30.8682
42.1332 30.7039
42.5388 30.6542
42.4388 30.6643
42.4125 30.4442
42.2036 30.6375
42.3555 30.8123
42.5326 30.8229
42.1466 31.0368
41.4158 30.455
37.31 30.4019
35.2274 32.6481
39.4988 36.368
45.9962 41.2312
51.3875 46.6084
53.0055 51.4623
52.3513 56.4536
53.0769 60.6204
50.3307 64.8542
45.0827 71.3674
46.2967 80.5827
52.3511 87.6586
56.6765 89.194
61.0198 89.677
65.2625 93.7175
66.7745 94.9814
70.2211 82.5123
77.0802 69.6783
80.5998 64.7629
76.245 62.7244
70.4285 57.2746
60.5863 44.8771
47.8607 36.1595
41.6591 30.5098
39.823 25.2556
38.1188 23.2878
36.503 30.375
30.2001 46.1663
19.8027 56.0662
15.7107 50.4745
17.5478 36.283
23.1098 27.9538
35.5828 28.0435
49.4215 28.7121
61.6863 29.006
73.4786 30.9157
81.4871 29.898
83.8443 26.5975
82.4921 25.8562
82.1753 27.4303
85.9075 33.2503
90.6892 34.412
94.4316 30.236
90.2355 37.5307
78.3786 50.2746
66.5991 60.4491
53.1629 65.0564
42.9291 63.0157
39.4743 62.2823
38.3056 61.4037
33.6746 60.0472
27.2185 65.6319
21.4531 71.5529
16.9134 71.8801
14.6023 70.3171
11.0228 67.5535
10.7079 58.5839
14.3722 43.6411
16.0309 31.0266
14.4024 22.1581
12.1945 14.666
10.7707 11.0527
7.58108 11.9699
5.08552 12.7104
7.24063 11.9416
20.4014 12.9086
36.2191 14.2091
41.2712 12.6139
38.5473 9.51954
39.2078 7.32657
46.3727 7.63189
51.7826 7.70071
53.2986 11.7371
52.8851 21.5111
50.1369 31.8136
46.16 39.9408
43.3983 45.4361
39.4125 48.5156
35.0816 50.4876
33.7538 52.6616
32.133 56.1563
28.9818 59.1835
27.4281 59.2119
27.7208 58.3177
30.1162 58.7195
30.4893 60.5443
27.7374 61.5333
28.616 61.8903
36.177 59.907
43.3487 56.5467
45.8572 57.9438
47.3497 64.1298
46.3956 69.5861
44.0816 72.2196
44.9605 75.767
47.9395 80.404
49.8902 81.908
53.119 74.8276
60.2344 66.039
64.9269 63.1952
69.9575 59.8452
76.8477 55.0397
76.7112 49.3674
71.5397 43.4167
70.376 37.8097
72.1153 34.0757
69.8878 31.7004
68.0766 27.9323
67.938 24.8146
66.0351 22.5925
64.4595 20.956
64.4841 17.1536
65.2828 12.2191
68.9444 12.9813
74.6022 25.8801
76.6426 41.707
79.3377 47.6925
86.3404 45.4687
90.4319 41.5613
90.5684 37.3437
91.7643 33.7747
93.3218 34.7544
94.3061 41.3287
94.131 48.9122
92.7385 53.3799
93.775 57.0836
95.3366 59.726
95.7846 59.3396
94.6407 60.7435
91.5866 64.9836
88.5719 67.2233
85.7212 67.5617
86.3063 68.4459
89.3703 72.1626
92.6334 78.8254
92.5386 84.3715
84.3536 81.2573
72.0426 74.9088
62.0903 78.011
57.9803 84.879
55.4487 84.5082
47.7101 79.7553
39.2304 76.2211
36.1306 75.2045
35.4655 77.09
35.3804 76.4714
35.6358 70.1528
33.1558 64.5968
27.4263 64.5243
23.7992 64.6974
21.0782 62.1104
17.3787 60.3506
17.1955 57.2794
23.1598 48.7386
32.2189 41.512
42.2843 40.3308
52.2118 40.9795
57.8658 43.5316
58.8302 48.2727
57.0018 53.1437
56.6158 55.3333
58.4579 55.3433
59.6994 53.8994
60.4918 48.2433
60.2284 43.1762
58.6903 39.7816
57.1226 34.5062
53.123 29.5995
48.896 25.2327
46.8684 22.5574
46.255 21.0159
45.5105 20.1635
42.2101 20.5794
38.4646 18.9406
36.3672 15.1026
37.9547 10.9058
40.9883 8.27447
43.6308 8.26634
53.355 12.9607
64.7076 22.0907
70.3815 33.3294
76.4764 43.4544
82.5578 46.928
84.5607 47.3262
80.1722 53.3597
73.5958 63.9582
69.6961 71.53
66.6722 74.4472
64.3967 79.3261
65.211 87.9286
66.4531 92.958
66.7319 94.5636
71.3574 97.0081
78.1272 98.8328
81.37 99.1331
82.4106 99.0006
82.4885 98.3847
81.2563 98.8129
80.9584 99.4338
82.9915 99.229
84.9609 98.0932
85.3563 97.3497
86.3616 97.0113
89.809 97.6911
95.7161 97.6353
100.077 96.4986
100.239 96.7281
100.757 96.5375
103.119 95.9262
104.967 95.3258
106.14 92.0437
106.743 85.4304
106.939 78.9768
106.742 75.2438
106.029 72.8724
105.814 67.0292
105.933 59.7655
105.936 55.406
106.052 54.0114
105.883 53.4602
105.799 51.9723
106.009 51.3557
105.637 51.2897
105.36 48.7249
105.415 45.4771
105.434 41.7936
104.909 37.0014
104.139 34.9682
102.301 35.8945
99.0967 38.4438
96.6558 40.3561
94.76 41.4218
90.5143 46.0197
83.6114 50.2478
77.2931 47.93
74.5756 43.645
72.4831 42.2011
68.4814 46.402
64.2 55.9342
59.2068 63.5706
54.8419 63.3414
52.8574 60.4924
51.8493 59.4301
50.7156 57.9893
49.3378 56.3188
47.122 55.2967
45.1359 53.6445
43.5726 52.2192
41.7481 52.0386
40.8954 49.6794
40.955 47.7001
39.8356 48.0106
38.0056 49.7947
34.8739 52.1621
32.4517 52.5976
32.2378 51.7939
31.2134 51.4806
29.9329 51.5741
29.4909 50.6261
31.831 42.8782
37.0337 33.2684
43.2603 27.0354
48.444 23.122
49.4755 23.1314
47.5143 23.7594
47.5121 23.0117
49.2186 21.9569
49.4716 22.5139
47.7531 24.3125
46.7199 25.2404
49.6286 22.6469
55.4446 16.4379
59.8225 10.584
63.7147 7.72517
68.2879 7.89452
69.7714 8.66198
69.1336 8.94737
66.6572 8.07132
63.6736 6.43115
62.2772 5.72955
61.8873 5.72278
59.5226 6.36492
53.158 7.23217
49.578 7.31324
51.8671 6.71342
56.3783 6.12951
58.2884 6.31676
57.4733 7.39342
60.0523 9.17455
63.1871 10.1317
60.1818 8.23592
51.8203 7.45827
45.0866 8.29636
41.9632 8.66214
41.6971 9.5557
41.7852 9.79694
37.906 11.0972
34.7355 17.734
34.6497 27.2842
34.3008 36.1069
37.6119 43.0364
44.8746 47.9465
48.5513 53.0223
48.3622 57.3318
47.9659 58.7076
48.4233 58.1943
48.7286 58.6749
48.9897 59.4923
53.3334 55.6769
60.2386 50.9013
62.1469 49.4806
59.9 50.5078
59.0568 51.9219
59.3995 52.5837
60.1677 53.5332
60.9751 48.2894
59.9318 43.4152
57.4637 44.943
55.6326 43.7615
54.5878 38.8631
52.211 30.6498
51.6891 22.031
55.3083 17.6148
59.3046 17.7944
62.727 23.1536
62.7811 34.1693
58.9471 41.7219
57.4871 43.2183
58.8013 48.5942
54.4752 51.235
49.9127 49.0134
49.4615 48.1986
47.7861 45.8549
45.6446 45.2474
43.0953 45.8975
41.7431 46.2951
43.0024 48.4316
47.8213 52.0582
53.3221 57.7173
57.1944 60.5402
58.3686 61.0192
56.5672 62.5421
52.1704 64.6104
45.1906 65.6987
37.7309 67.0709
33.3263 69.3202
32.3354 71.1522
26.3391 74.9965
17.3249 73.1009
12.9786 66.641
11.3143 68.0026
10.6091 73.2182
10.0802 75.7746
8.89955 76.0303
8.19403 76.8794
9.10367 79.1695
10.3084 80.4804
10.0973 81.0557
8.95622 81.5304
8.47368 81.4175
8.71329 81.6794
8.79051 80.7869
8.40169 72.1431
8.8064 59.2178
10.3899 48.6596
12.5464 41.269
12.9088 38.1356
13.005 38.081
16.2259 39.4511
19.981 41.6401
21.7327 41.6754
22.9567 39.9069
24.1874 40.0241
23.5236 39.4012
17.4354 38.05
10.6269 37.9126
10.4727 36.2301
11.1976 34.6318
8.28682 37.8717
5.77226 39.724
5.10886 36.5288
5.30672 33.6084
6.15355 31.4001
6.69758 28.5595
6.49653 26.2142
6.6563 23.8261
10.9049 21.6582
16.9653 21.6685
18.4618 20.843
14.9805 17.6606
12.2335 13.139
15.0635 9.27405
19.0015 8.96336
25.6104 12.279
38.1333 15.31
47.6978 15.0651
48.3269 10.6683
46.9228 6.78037
47.6807 7.05837
48.9047 11.481
50.4951 18.8281
51.5414 23.7552
52.6544 25.5286
54.1304 27.0423
52.5357 28.8739
47.4452 29.6567
43.2735 29.3896
41.2092 29.6728
39.8564 30.6022
40.4581 31.6345
40.3309 31.7439
38.4898 30.3759
40.1783 31.0403
42.014 34.1707
41.0898 35.1891
43.607 33.8887
52.5753 33.1134
59.3711 31.2875
61.1357 29.0139
61.6803 27.3936
61.9083 24.1322
62.1966 21.044
63.3014 20.8541
63.8717 19.9916
61.9047 15.0283
62.3806 10.2166
66.7102 9.7901
74.4979 15.29
82.0177 25.4766
84.0736 34.0898
82.0778 37.4994
79.9585 37.6001
80.2086 38.2411
80.303 39.5637
79.6291 40.2043
78.6625 40.6923
78.5903 41.3649
82.1515 42.7623
87.4361 44.1831
88.9531 45.3547
88.9459 46.8511
90.7711 53.1887
93.398 61.979
93.1438 66.9041
91.3807 68.5778
91.409 69.7908
90.3611 72.4148
89.5335 75.873
88.5247 80.3896
82.2539 81.2678
74.8706 77.2144
72.2168 75.8057
71.2789 77.7428
69.1127 80.2747
64.7789 86.6723
63.4405 94.8908
66.3002 99.705
65.3614 101.211
60.3475 101.023
57.6586 100.28
56.7177 99.2156
54.7899 98.0302
52.7028 97.4062
49.657 97.5093
44.8228 98.0925
38.8653 98.1955
34.3138 98.3346
31.3831 99.0452
28.9823 99.9066
27.0264 99.5921
24.3652 98.3002
20.1803 96.5973
18.2669 93.569
18.2367 91.0411
16.3194 93.5661
14.4147 97.7579
15.3287 93.2357
16.9025 81.8833
14.5754 72.0376
11.5208 66.3107
11.0703 64.2552
16.0498 63.8302
22.8954 63.6206
24.515 62.5161
25.8936 61.8462
28.0661 60.4176
28.2881 57.7211
28.0439 56.1409
28.0975 51.7021
29.5184 45.716
32.5811 43.9253
40.5279 45.9201
50.5337 47.2883
53.6233 43.7758
52.6971 39.673
52.7333 41.0678
52.6717 43.1908
52.7369 41.1172
53.1371 38.7894
52.8864 40.9623
52.8796 44.8112
56.211 45.9681
62.6521 44.357
70.4008 41.2485
77.2971 37.3191
79.6134 34.4125
81.0709 35.6347
83.1592 37.1667
83.0542 37.2486
82.4913 35.105
82.964 33.6614
83.0411 34.3941
80.9423 32.5082
79.1335 30.2058
79.4562 28.972
81.4949 29.5439
85.8017 32.2144
90.8389 33.4345
97.6403 33.8127
102.974 38.3032
103.839 42.7698
104.955 43.0537
105.736 47.3084
104.054 54.1667
102.889 57.9658
104.616 61.6935
105.127 64.2136
104.415 66.0518
106.46 69.0514
108.313 70.7029
107.655 69.7504
106.957 69.8583
106.551 74.5079
106.287 81.8645
105.234 87.231
103.327 90.6313
103.538 94.2005
104.688 97.1384
102.444 97.8376
95.1335 93.6047
83.647 87.2407
71.5046 80.4366
60.6267 71.7637
51.384 64.6296
45.446 61.6531
43.6708 63.6331
43.6202 63.3841
44.7458 57.3706
45.7606 53.6381
45.4362 52.3606
44.3153 50.4332
42.9977 49.2798
42.6346 49.1156
42.9966 49.1055
44.7157 50.1009
47.2859 52.0116
47.5177 53.2579
46.6257 53.6825
46.7732 53.9356
46.9994 53.5129
46.8833 53.539
46.4657 53.9036
47.4171 48.7365
52.2864 39.6228
60.4691 32.567
69.0843 31.224
76.2522 35.68
80.0256 38.8402
80.1767 37.5689
80.476 32.8684
84.0066 26.1467
86.7794 20.2662
88.9332 15.5328
93.7913 14.1666
98.0602 15.266
98.1037 15.5284
93.478 15.2745
87.9603 12.415
85.0671 9.64223
80.0267 10.8926
72.8574 11.0483
68.5562 8.09043
67.5336 6.49924
67.0923 6.32489
63.7581 6.96422
57.575 7.91143
54.3054 8.90452
54.5555 8.91676
53.5091 10.7265
51.8366 15.1843
48.971 15.9851
45.8646 14.6256
42.4856 11.4917
37.4678 8.45406
35.0639 9.16656
34.9862 9.62632
34.3003 9.4675
35.1223 12.116
41.1203 16.4224
47.5081 19.0327
50.9472 19.9957
53.3623 19.6515
53.0374 19.2952
53.1705 19.4139
53.3444 19.6784
52.1147 20.4954
53.3047 23.4909
54.8253 28.7417
54.0805 32.7144
54.865 33.344
61.0206 34.5429
67.8873 42.1955
70.2149 51.6869
69.5889 55.1447
68.8868 61.6192
69.035 72.2934
70.0716 77.0522
70.9896 79.4511
69.6947 85.6032
63.8007 90.4465
57.1976 89.882
56.0642 90.7574
61.3467 95.1601
63.1551 98.5515
58.5774 99.2724
55.8104 100.271
54.7768 100.768
54.3905 99.7991
51.4775 96.0674
43.9611 86.4633
36.5545 74.7739
32.5978 62.6087
33.3713 50.7603
36.0958 47.1429
37.2324 48.3248
40.2363 45.2606
42.9514 37.388
44.1477 27.0131
45.2067 18.6589
43.6987 15.808
40.4777 15.5973
36.8649 13.6213
34.9955 10.2701
33.6797 8.89249
30.0217 9.65748
28.9257 9.86871
29.4852 9.41365
26.7033 10.0011
25.6393 10.5567
27.7087 10.2395
30.652 9.23535
39.2373 7.97191
51.7599 7.26764
60.9773 6.94081
69.9123 9.41971
78.5435 13.4839
81.7456 16.0658
80.4944 20.2735
81.5773 27.243
87.1582 34.064
91.0087 38.3639
92.2466 39.9462
91.5607 42.4678
88.6546 47.724
87.3682 52.3129
88.0307 54.9492
88.3788 62.5273
85.6033 70.4563
78.8247 70.1981
74.2566 68.2082
68.8506 67.1267
62.5201 65.923
59.2476 66.1883
58.2215 67.4177
59.417 70.1815
60.8142 77.1154
63.313 85.5238
62.2654 91.1643
54.1536 92.1046
43.3989 88.2065
38.241 84.6128
38.371 84.6999
35.6911 86.3856
33.3781 87.1558
32.1189 90.5431
33.8018 97.4054
37.0202 100.815
35.7025 98.8241
35.0091 96.0042
35.5972 95.465
35.2271 95.0235
34.4949 93.8532
29.7706 91.9283
23.0569 87.3114
20.7217 78.7927
18.5093 72.4606
17.4944 68.1556
23.2353 62.0719
30.9303 58.1213
35.6044 54.5113
35.7034 50.2699
33.1387 49.2437
33.402 46.482
37.0858 38.8406
40.5938 31.1311
43.5355 26.4457
45.4409 25.4613
46.1802 27.2274
46.0506 29.5541
45.8602 30.9024
45.7117 32.2837
44.4985 33.2639
43.4904 33.3818
42.6917 33.7024
42.8347 34.5296
43.9702 34.8363
49.2162 33.1119
59.1504 33.9216
68.6638 37.7086
75.6572 38.5926
79.6031 39.1873
80.8639 39.7473
80.5689 40.3951
79.6173 41.9809
78.1065 43.0065
76.7927 43.6304
75.7702 43.599
75.036 44.109
74.642 44.6351
74.723 44.2995
75.1994 44.0744
75.6629 43.6983
75.8198 43.3391
75.4531 43.8995
74.4562 45.6013
72.9615 46.4499
73.7175 45.6313
79.3623 45.3744
88.1857 47.214
94.1948 50.0714
94.9363 53.8605
94.5564 62.8315
96.4007 70.5002
100.827 74.1687
105.123 79.7726
105.658 85.8617
103.462 87.8568
102.967 89.5763
103.753 95.2272
100.716 98.4671
92.2984 97.6866
85.5208 98.1479
84.6335 99.723
85.6692 99.8515
84.4321 100.281
80.6561 100.03
77.2519 99.5765
73.7432 98.6224
63.901 94.1403
51.517 91.1299
45.3752 94.1264
40.4361 96.8003
30.8317 97.3923
19.0338 97.7877
11.3735 98.416
9.28338 98.0848
9.07294 97.3325
8.14205 94.9198
8.18896 91.8162
9.12275 93.097
8.8224 95.69
8.1792 95.9327
8.44583 93.1351
8.99948 86.9035
8.28486 78.8399
8.9957 70.3601
13.1122 62.4739
16.2356 58.1331
16.3665 54.3584
16.5573 49.7711
16.2773 46.6455
12.5343 44.2055
10.7151 41.58
14.6577 40.0861
23.9311 44.3608
31.6412 50.3672
31.5862 51.3645
31.2756 50.8696
33.7071 50.6886
35.7005 50.3625
35.9746 49.9261
36.0839 48.5452
36.8149 47.82
36.2802 47.5774
36.4189 47.1956
40.7897 48.662
47.2286 54.5982
52.9334 61.638
55.9148 66.1583
52.6743 71.7763
47.5636 76.5391
44.4922 79.0229
43.8258 82.2664
49.5505 80.7831
60.602 74.4521
70.2385 73.9977
75.4382 77.782
77.0113 77.7139
77.7996 75.963
78.442 73.6813
76.8258 72.1146
75.706 73.5934
75.3736 75.8175
74.5534 77.4661
74.3451 78.0693
75.0927 76.6427
74.6597 71.2052
71.7531 64.6363
69.4797 61.0302
67.9828 57.4512
64.4713 48.5676
59.6131 37.2243
55.0677 27.489
51.9696 20.5102
51.4714 18.0427
52.7946 15.0457
57.7291 9.12175
66.6365 5.68037
76.123 5.57271
82.8187 5.85199
88.491 6.44291
93.8187 6.77411
94.8471 9.77996
93.1037 14.4073
93.6273 14.5235
95.9292 10.6659
95.5243 9.38354
93.3955 11.5611
92.1129 13.3192
91.5889 14.4686
91.3231 14.8339
91.2717 14.8238
91.1455 14.7993
90.9868 14.8328
90.8863 14.7803
90.8059 14.8004
89.6588 12.6993
86.996 8.72501
84.9246 6.7205
84.3923 6.61549
84.4182 7.45815
85.396 12.3684
86.9903 18.8259
86.3942 20.86
83.3422 19.8963
80.0487 18.3411
78.0916 17.1765
77.6548 16.16
77.6235 15.6931
77.5464 15.8852
76.6048 16.318
67.3455 18.3423
51.25 21.8282
34.3154 24.3621
19.007 25.5008
13.8719 26.2142
16.7636 25.0727
17.6491 23.556
13.06 24.0294
9.02962 25.7457
8.25684 24.7996
9.71494 21.1749
12.9322 19.6512
12.7604 19.1174
10.6969 20.4811
8.49652 21.2267
5.89039 18.1807
6.29604 21.6935
8.80519 34.7793
10.5216 45.3853
9.63122 50.4796
8.48224 53.9755
9.26139 56.7057
10.1571 59.4515
10.0453 62.5161
10.388 64.6865
12.037 63.6114
13.4447 61.0818
13.3051 58.8405
12.3828 56.0627
12.5051 54.3559
13.105 54.2107
13.9753 53.785
15.0745 52.7807
15.6699 51.982
15.8788 51.8541
16.1949 52.2563
16.3971 52.6361
16.2703 52.3452
15.208 57.0876
13.6707 68.9796
14.9642 80.6839
18.7712 85.8391
21.5327 87.4729
18.8595 91.8762
15.906 91.9869
15.579 87.5711
14.8687 82.7854
15.2283 78.99
15.6159 78.1187
15.9169 78.2628
16.2766 79.1654
16.5704 79.6619
16.6742 79.6502
16.149 78.7891
15.8579 81.3109
21.6636 86.2823
30.8262 86.2319
34.2061 81.8873
36.7536 78.4643
42.6842 74.7526
46.367 70.963
50.1776 68.821
56.1855 64.9683
60.5429 60.098
61.7525 57.3739
62.0967 57.3297
61.721 57.4182
60.4252 56.933
60.8933 56.4409
61.6424 52.0842
61.447 43.6772
59.0163 33.9349
57.3881 27.1513
57.899 24.4479
57.8465 22.9717
56.8193 23.1473
55.7311 23.9057
56.2678 24.6869
58.1323 25.9308
58.7892 27.488
58.8417 28.8961
59.3574 29.8243
59.2635 30.1661
59.1429 30.0651
59.1161 30.1075
57.0817 29.3164
46.1873 27.2027
32.6461 26.3522
29.031 27.0502
30.7303 26.8547
31.9269 27.4615
34.0449 29.1521
35.8603 30.2294
35.1401 30.6596
28.5917 28.7473
18.3705 26.3693
12.7532 26.3846
11.5611 25.8576
11.7275 24.8962
14.6607 24.8508
16.4928 25.0254
16.1069 25.3853
16.0848 25.9518
16.8632 26.8802
17.5044 27.7115
17.2649 28.3093
16.8704 29.383
16.8662 28.4731
12.9446 26.9418
10.0598 26.6452
10.1363 24.1225
8.36367 20.9204
8.85975 20.0947
10.314 20.1795
10.469 19.1901
10.6918 14.0009
19.0482 12.4832
34.1892 17.5659
48.2609 21.7526
58.8171 25.0643
64.6706 27.7727
66.5558 29.7981
67.3276 30.1949
66.8395 29.5552
65.0684 29.1608
65.3692 29.6213
64.6818 28.69
63.6687 27.6453
63.9395 27.9077
63.2949 29.8227
62.9916 31.7867
62.8303 31.6937
62.4275 31.4512
62.3338 31.3865
61.6046 31.1601
60.9373 31.8545
60.41 31.7454
59.9592 31.4107
59.8505 32.1183
59.1646 32.4758
59.1239 30.9594
62.7245 28.1061
66.3876 28.1458
68.9457 31.7935
68.7816 41.9029
63.2857 55.7305
58.9934 63.6236
61.2369 66.0007
68.1714 74.6725
75.1583 88.9865
82.8471 97.1302
91.8412 95.6972
96.061 89.4201
97.1639 78.5341
99.0033 64.7492
99.4645 53.3814
98.6635 41.8371
97.3291 34.9158
97.7748 36.2794
98.6294 39.0617
98.3114 40.7564
97.7485 43.0948
97.28 41.3923
92.9532 39.8128
86.1046 43.3231
83.4326 46.2278
78.1702 47.5419
64.8241 50.3953
49.3869 52.1542
38.7101 49.0374
32.6307 46.5314
22.4006 47.2246
13.4822 46.6515
12.4045 43.4489
12.7 40.9377
13.3231 39.7112
12.7021 39.0134
10.8657 40.5093
11.7639 43.3298
11.4407 43.3096
10.492 40.6295
11.4253 39.3584
12.3877 40.032
11.3708 42.7452
11.2885 53.2406
14.7173 65.3609
15.922 76.254
15.6891 88.5568
13.6879 96.7447
11.2747 100.714
11.8681 101.204
14.193 97.8483
15.6891 94.2453
15.4082 92.0526
15.9098 90.2196
16.1663 90.3024
17.477 94.3458
22.5179 98.9336
28.4907 99.745
32.5418 98.9314
36.0691 97.7355
41.7422 97.2158
43.0176 96.7757
39.997 95.9645
37.5799 95.1906
35.4176 94.0999
35.2389 93.0549
35.2183 92.2523
34.8479 91.8005
34.7339 91.9858
33.7839 92.9551
32.0682 94.2702
29.2602 96.2252
23.884 97.6101
19.7911 98.3586
19.4529 96.9373
20.1412 95.5236
20.4285 95.3494
20.707 95.0577
20.7069 95.4575
20.4907 94.7776
21.0095 93.7572
21.889 92.4503
22.8786 92.3654
23.0998 92.8465
26.2051 95.8212
33.0311 95.0388
34.3896 89.197
29.266 85.5295
24.7968 83.4474
22.0685 83.4531
21.6108 79.8693
24.8421 73.4483
32.5388 67.6976
44.1481 60.2623
55.2822 52.0876
63.1818 45.4616
66.1633 43.2448
65.866 44.4723
65.3315 45.9329
64.6071 48.0017
63.5325 51.1682
62.2478 53.3483
60.59 53.0534
59.3695 47.7778
55.3217 36.8971
47.914 27.2241
42.774 23.7813
38.9379 25.7431
31.7861 33.7473
21.712 42.9512
16.3442 46.275
17.044 45.6795
19.6384 44.3507
21.9578 42.6468
22.8129 44.2071
22.695 53.5087
23.9426 63.5826
27.9676 70.0757
28.6729 76.3568
24.6958 81.9878
22.7967 84.1672
22.7374 83.3271
22.4614 81.2398
22.8539 78.482
22.7096 77.0737
22.682 77.212
23.2003 81.7784
23.5253 89.9229
24.5925 94.2258
24.5329 95.2504
23.2254 94.7439
22.4416 92.4921
21.595 91.1933
21.5101 91.0497
21.7022 91.0023
21.8251 90.904
22.1674 90.8297
22.6456 90.8352
22.9729 90.9815
22.9952 90.8888
22.7194 91.2317
19.3038 92.0229
13.5999 90.0922
12.7772 83.6126
12.8862 78.0924
11.9812 75.8744
12.707 75.546
13.0382 77.726
14.5787 78.7275
14.3272 74.8325
10.6591 67.0435
8.60026 59.1108
7.99935 51.3299
6.9579 41.4069
6.79369 31.1466
7.03104 21.266
6.37908 13.886
11.519 12.07
25.0231 13.9337
38.5107 16.1066
48.9835 19.5802
57.4321 24.6172
63.63 27.9048
66.261 29.02
67.0805 28.782
67.6429 27.9665
67.5418 27.3644
67.7913 28.1327
67.3238 29.5246
65.6274 30.9547
64.1899 31.1507
63.0515 30.8431
61.7886 32.1082
59.5554 32.8235
57.6607 32.8366
57.5351 33.4944
57.2073 34.1563
56.2589 34.6132
55.5977 34.9395
56.3863 34.4957
59.1159 31.5251
60.033 27.9028
59.3521 27.5679
59.2404 28.1428
60.3957 28.1904
64.9242 27.9073
67.5562 26.2536
67.7006 25.5515
67.7147 27.3928
65.8282 31.203
64.3905 35.3049
63.5841 36.9633
64.9785 37.0551
66.5133 38.0284
67.8268 37.38
70.0216 36.6832
70.2535 37.3136
69.9486 36.1288
73.3774 38.4055
82.6489 48.7396
92.6436 59.1449
99.0366 63.0843
102.005 64.0549
94.4194 65.7068
82.4422 67.1212
76.8517 69.1378
74.337 75.9273
72.3943 82.5432
71.2363 83.9722
74.5134 87.0755
72.3116 90.6846
60.7442 86.8629
51.5855 79.6128
46.4238 78.6594
43.5827 85.3078
45.49 92.7701
47.7777 96.963
46.8258 99.5852
45.2155 101.383
44.4547 101.895
44.6602 101.862
43.78 101.191
39.2543 97.8279
30.4132 92.5226
25.9226 82.0193
26.6952 65.5965
29.5262 51.7293
37.8061 42.1173
46.8425 36.2678
53.8193 32.3208
61.0267 31.7318
67.8823 36.3095
72.2853 43.9308
72.5729 51.6085
72.4382 54.2267
78.211 54.0541
82.7492 49.1323
79.82 42.804
78.4169 42.3079
81.8114 46.2112
78.4173 58.3985
67.3673 71.5908
57.3896 76.3084
52.9072 77.7698
48.8875 79.7207
44.8969 81.6018
43.4097 80.9032
41.6597 79.8789
40.8455 79.7396
40.4129 77.5139
42.5952 80.6877
46.4865 89.157
46.23 94.9443
45.6731 98.2634
46.8569 100.562
49.1165 100.546
57.4679 97.754
65.0618 97.4211
67.1184 99.2226
67.1529 99.5634
66.2938 99.0961
65.403 97.7468
67.7191 95.3263
73.26 91.8746
76.9469 87.39
80.3864 83.7863
84.9272 83.0484
92.0922 81.1216
101.433 76.3901
105.576 71.6148
105.218 63.7572
102.882 55.9805
99.4242 53.4713
94.1811 51.6671
86.8838 48.3365
80.4014 45.0892
76.4903 45.0133
73.779 46.8943
64.4828 47.6525
51.9158 46.1777
46.2835 46.5698
43.2648 45.9682
38.6321 36.8489
33.617 27.0454
28.2665 26.7342
23.0016 30.9143
24.4996 27.353
38.6993 19.6442
54.512 16.7375
61.9255 24.8646
63.9305 41.1325
61.4807 56.4779
59.1526 69.7694
60.2775 82.0863
60.3704 90.902
55.4648 93.8893
53.1959 96.7302
57.8852 100.336
63.4765 100.154
70.2379 98.4012
75.1273 97.8136
78.5132 97.5248
84.0988 97.0373
89.5192 95.6211
91.5053 94.0607
88.5959 91.0054
82.3123 86.8693
78.993 82.9079
83.3815 76.681
91.5511 70.8054
97.8904 67.5391
103.049 61.1354
105.996 52.5952
105.045 45.7814
103.517 39.6135
103.732 37.8274
103.663 38.4781
102.33 37.166
101.266 32.9874
97.4853 31.1596
90.3866 33.7604
86.0213 33.1751
83.5074 30.3003
75.2443 28.2404
61.6538 28.5549
49.7279 30.8393
42.3692 33.1443
37.7383 36.6493
32.0337 37.161
26.8062 31.1383
24.3576 26.5487
23.9053 28.042
29.8627 25.8416
45.1796 21.6222
58.2678 19.9017
57.6749 16.0944
51.2396 12.3939
51.4014 11.6998
61.0832 19.2174
72.106 32.7023
77.3884 42.3717
79.7569 44.9549
80.3283 37.0297
81.822 26.6805
89.6291 20.9115
99.5167 17.5705
102.576 14.8419
99.56 8.34859
95.1491 3.96878
85.5029 5.4982
76.4066 6.64918
74.7328 5.40981
75.7319 5.82767
76.5667 7.93164
77.1703 9.7926
78.9123 13.0826
82.5286 19.091
83.4295 22.8274
79.6101 20.4199
76.7363 16.3303
75.8158 14.0018
74.9444 13.46
73.9568 13.7146
71.1361 14.6664
65.852 15.5109
63.1188 12.9587
65.0052 8.09018
66.2964 5.44276
65.2456 4.61674
63.7951 5.52974
62.339 7.12457
60.3399 8.04997
60.3433 13.3071
64.0303 22.3513
67.053 28.2992
66.2181 31.8848
58.5401 36.9466
49.808 43.2464
47.3267 54.1637
46.1736 66.5855
42.8795 75.2623
41.6814 79.8558
47.3023 78.4961
50.9338 76.9286
50.5767 77.15
51.0598 75.4363
51.8191 70.2621
56.6851 63.0738
62.8664 56.652
66.1012 52.4423
68.2868 49.9094
69.7843 45.6068
69.9705 42.1534
69.398 41.1575
65.2074 39.0628
62.236 35.6142
60.7251 32.7829
56.7063 32.6504
55.7764 32.0044
65.7125 32.6176
79.8576 37.9077
88.3255 42.0629
96.5424 47.8198
100.645 57.5428
98.7364 66.091
99.8335 71.0679
102.474 74.7879
102.463 78.4441
103.767 79.8601
107.456 79.3728
108.868 80.3194
108.475 83.6313
107.973 85.7556
103.1 86.3416
96.532 85.6008
91.2585 81.9658
86.4768 78.6174
83.9364 78.9075
83.2949 78.0849
82.877 71.1396
80.0906 62.4616
73.511 52.2487
64.2158 40.1089
54.8235 30.5122
47.8628 23.3114
45.4295 20.4677
45.3493 21.62
41.8283 22.6195
35.5809 25.7697
30.6027 27.5205
28.0638 25.4332
25.2209 21.9089
21.5098 19.7435
18.8606 20.574
14.6652 16.9289
10.4276 11.5238
7.33922 13.2532
5.98883 21.5953
7.02573 30.1874
7.26983 35.2979
7.54573 35.9146
7.49432 35.0495
7.53788 34.2828
8.9146 35.318
9.82053 38.3362
8.70015 39.8619
8.5432 41.1052
9.27261 43.3104
8.78613 48.1624
9.1961 52.1212
9.74791 52.5816
9.71552 55.6994
10.2416 61.726
12.671 64.2218
13.7915 66.9965
11.6369 74.2293
10.564 81.9862
11.2035 88.8791
11.6799 93.76
12.0821 93.7836
14.2365 91.4766
17.7174 91.508
22.5554 93.2641
25.4606 97.5618
25.9743 100.436
31.4886 99.648
38.4891 98.9665
41.8631 98.6207
46.1265 98.4312
52.1129 98.0105
55.201 96.7203
54.4423 95.8863
51.9589 94.4061
48.6004 91.4345
46.2657 88.9138
48.0747 85.5162
51.0836 81.7685
53.6079 78.8322
60.4983 74.1314
67.186 69.5487
66.4479 67.0215
63.1968 64.7549
61.5323 58.6266
60.394 50.3216
59.2099 46.4582
58.4114 46.0129
62.5609 41.425
70.8851 33.7478
75.5123 30.1981
80.0888 29.7459
87.101 30.1806
93.4407 33.0962
97.7615 34.1283
98.8665 31.6093
98.8118 31.2653
99.3968 34.7483
99.87 41.8046
101.066 48.1757
105.363 51.3196
107.735 55.0035
107.357 60.3678
107.779 63.5319
107.661 63.9541
105.397 65.7011
102.885 69.9875
103.707 74.5665
105.689 80.1999
106.331 87.5898
106.402 94.3358
105.819 98.1465
102.389 98.9768
95.3936 98.4192
90.3226 98.4439
89.2214 98.9248
85.2731 99.0073
78.8049 98.9548
75.1957 98.8095
72.0919 98.6601
67.5602 98.1464
66.9261 91.4903
66.4591 78.905
62.9163 66.9378
58.8836 57.6007
54.2772 53.0099
51.5839 52.7736
49.1854 54.2246
42.5896 55.0143
36.9061 53.4505
36.8577 48.5305
35.73 44.7067
32.9657 43.7901
32.305 43.0663
32.5597 43.0238
32.5275 45.9796
35.0823 54.1652
38.0946 62.768
39.6621 67.5145
40.5196 69.9363
37.3525 70.4393
32.31 68.6569
28.9571 66.6707
28.1604 66.522
28.9539 70.7284
25.5028 77.1001
18.7755 79.1682
14.4778 77.2441
13.9264 73.2786
14.557 71.2231
17.0106 76.3674
23.4959 85.1396
29.5449 90.6308
34.3476 94.6099
36.4051 99.2373
37.7678 100.951
41.2849 100.181
46.2876 99.6039
49.8996 99.3894
50.5633 99.3275
51.0218 99.1856
52.5219 98.9607
57.2056 98.4317
62.8909 97.9396
67.8401 97.9609
72.0331 97.0978
74.6309 95.6975
77.2047 95.2836
80.062 96.2388
81.5471 96.8797
82.8753 97.4182
83.8968 96.9339
81.3881 95.4141
78.6533 93.761
77.3262 90.5164
77.6945 87.5357
84.0468 85.365
89.5302 83.2288
88.7758 78.1659
84.2668 75.6783
78.6277 80.7026
76.207 83.1287
76.6024 79.3552
73.4948 71.9614
67.6159 63.2637
62.5101 56.6363
58.1384 53.4171
56.947 52.2471
63.7504 48.7702
76.8117 47.2515
83.3406 46.4293
81.5103 42.0914
84.0475 40.9416
90.4902 43.2597
92.4312 42.2843
92.4358 39.152
94.679 37.7021
97.3923 36.0042
99.7313 35.3263
103.054 39.9176
106.004 45.8575
105.09 52.907
103.926 59.7841
106.405 59.0186
107.247 56.9381
104.598 61.6681
102.129 70.4172
97.1957 76.7943
89.7611 80.6921
85.8877 85.8112
83.5847 91.09
80.8609 92.9733
78.8419 96.0418
77.2235 99.77
74.3304 100.432
72.4606 99.6069
66.4272 92.534
54.9082 82.9629
50.3285 82.6697
51.6286 85.1903
52.7319 84.8924
53.2104 84.577
54.0683 84.0208
55.1725 83.9105
55.1938 83.6434
55.0946 83.8045
56.2504 81.2969
56.5851 75.7508
53.1234 66.5808
48.9255 59.1356
46.8314 58.0565
44.3307 58.7739
41.2013 58.6482
40.2999 57.2709
39.9847 54.6018
39.1857 45.6705
38.3677 37.4746
40.629 33.1182
46.8271 27.8979
49.2208 24.3889
51.2519 22.4548
57.0591 20.0591
62.399 17.3526
66.5495 16.0831
68.4919 14.9867
68.6551 13.6087
69.5393 12.2204
69.8811 10.8053
68.7624 10.0937
67.0516 9.78124
65.2487 9.09219
64.6589 7.87375
64.1568 6.76055
64.8951 6.67352
67.7508 8.12091
65.9959 11.138
58.9262 15.0668
54.1706 17.9044
52.9489 18.5551
51.7701 17.3388
52.1415 14.9653
54.2806 11.3388
55.7597 7.69394
56.2676 6.78624
54.9139 6.99113
53.2793 6.57344
52.5077 6.72915
52.8408 6.62607
52.5878 6.89564
50.987 7.69991
50.0503 7.93731
50.0581 8.36789
50.2317 8.47451
47.5719 11.2169
44.1526 11.2566
42.8536 8.1808
41.7666 8.37842
41.8115 8.50421
49.4865 6.65192
62.8111 5.3824
71.1033 6.45181
73.4612 9.20375
74.3376 9.96229
75.5629 10.8185
77.3004 14.2383
79.577 15.9458
81.4605 15.7883
80.5912 16.8046
76.7024 24.3704
74.5609 33.3662
77.4248 36.0583
81.8081 32.3135
84.2987 29.1378
84.7373 35.3936
80.5418 46.7855
72.5173 53.8339
66.4996 58.0011
62.1929 62.104
58.9324 63.0759
58.712 63.6247
59.9919 64.939
60.8735 65.7877
59.3107 67.3214
56.7108 68.2631
59.2595 69.2795
64.0833 70.6437
65.2149 70.6568
66.5193 71.2014
67.7761 74.0731
66.6404 76.9079
65.3566 78.2695
67.7519 77.0854
71.5982 75.4461
72.8647 76.1614
73.4557 77.1521
73.3023 77.412
72.1046 77.2273
63.0169 77.8902
49.9837 78.1874
42.4168 77.1152
38.8513 74.117
36.0582 70.1202
33.8088 68.0795
33.8543 65.9822
34.8121 63.7725
34.8735 61.7503
31.3053 59.8211
26.6938 58.6877
24.2569 56.4759
24.3644 48.8055
25.6022 36.6963
26.2567 28.7488
23.8956 30.0481
19.3435 33.4349
16.985 31.3069
15.2673 29.4565
13.9589 29.9614
14.0103 30.7444
13.2156 33.1254
11.4534 34.5362
10.0632 34.992
11.5665 32.3525
18.9945 24.1356
25.6556 18.554
24.6161 17.5756
21.9811 17.0114
23.059 16.1874
28.1537 15.5056
34.8764 15.8303
39.1448 19.6433
42.9801 24.3975
46.611 22.8419
49.0978 20.009
52.2757 21.9054
57.3101 27.3832
62.6311 32.3419
65.5058 34.0356
66.2667 33.0677
65.2098 29.1378
64.1706 25.9842
63.6249 25.2692
65.9285 27.5367
68.5633 34.7414
70.6049 36.1239
75.0645 30.7316
79.6101 33.8566
84.0682 46.3666
85.5047 59.1522
86.0092 65.7001
87.5162 67.0588
89.0858 66.4866
90.33 68.079
91.0874 71.753
92.6669 74.4083
93.7272 75.5945
88.8954 76.6128
82.242 78.02
80.4144 78.9332
79.5387 78.8181
75.8415 76.2991
69.3269 74.5188
65.5225 74.869
65.2812 75.9344
63.2075 75.3843
61.0037 73.8138
57.5851 68.5788
49.3032 60.2033
41.4099 56.0699
36.698 55.8361
33.8528 53.5598
32.1372 48.0823
30.39 46.9504
29.6912 49.8581
29.8343 49.5739
32.1363 42.1523
38.5204 32.4443
42.4583 26.9663
42.7497 25.3671
45.8305 25.3997
52.2985 24.3473
59.7807 25.8924
67.265 28.473
75.5117 31.0948
82.472 37.2377
85.3693 37.8207
85.7143 31.5376
87.2358 27.8915
88.5461 27.2833
86.6471 25.9638
86.8702 23.696
93.3896 20.2802
100.985 17.9032
103.066 15.7519
101.496 10.7825
99.2182 6.58717
95.3518 5.42843
91.105 5.13168
88.4145 5.10652
85.9765 5.82812
83.8948 6.19923
82.8576 6.22049
82.2561 6.409
81.9913 6.58656
81.9422 6.54411
81.9651 6.55195
82.6995 6.6994
83.0352 6.77088
82.0438 6.6737
80.9156 6.6106
80.2654 6.4855
80.1799 6.12525
81.4735 6.39724
84.541 6.87308
87.499 7.40535
88.864 7.89238
88.4301 8.28393
87.3443 8.50401
86.34 8.34987
87.2616 8.48503
90.1358 9.55211
92.2582 11.0667
93.8604 10.9074
94.6683 10.6367
94.828 10.8065
94.7532 10.6848
94.624 10.7603
92.5706 10.0916
87.0409 9.01174
83.6986 8.6822
83.2899 7.9885
82.6945 6.58549
82.1304 6.0951
81.545 6.00906
81.2468 5.87725
81.5606 5.93645
81.8187 6.14645
81.707 6.1241
81.9639 6.2034
81.9247 6.42457
81.0719 6.04816
80.1659 5.57286
79.6805 5.81227
79.3732 6.95894
79.2449 7.16937
79.3936 6.60483
79.9496 6.97604
81.4402 9.55194
82.8402 13.4295
86.1568 18.971
89.3984 27.4899
89.9009 36.226
89.7867 42.5758
89.0222 45.035
89.0067 45.5043
89.605 45.9773
87.8752 48.1277
84.0267 53.7102
79.4879 60.6315
76.057 63.6165
75.2397 63.4605
76.0181 64.9773
77.3284 67.8415
77.4585 70.3673
79.8478 73.4453
84.5331 78.4205
85.6113 82.623
84.0471 84.0788
82.5988 84.7674
76.6753 86.0035
69.5824 88.6799
68.5176 91.5512
66.4142 92.6972
64.1281 95.4358
64.3269 98.9317
63.5718 99.7856
63.2467 99.87
63.106 99.8699
62.5526 98.688
63.6708 98.0928
69.1638 99.2577
72.9556 100.09
73.2203 100.152
74.295 100.115
74.7212 100.195
74.9132 100.499
75.9756 100.75
75.7584 100.867
74.5517 100.862
73.984 100.841
73.8536 100.904
70.5798 100.875
65.8925 100.256
63.3076 98.6569
58.7888 92.2032
52.1367 84.1658
48.9563 80.2915
48.1642 76.8248
42.4641 72.584
38.47 67.1982
38.9823 64.597
37.9839 69.6674
37.5985 73.718
37.4732 74.794
36.5632 72.8227
38.4438 64.0274
42.4939 57.1868
45.1183 53.2535
46.4281 50.1943
44.604 49.9852
43.9913 48.8626
47.7094 46.0425
53.8432 43.9341
59.6703 44.0118
63.8038 45.4375
67.8039 47.5377
68.8793 47.6381
65.5562 43.3806
60.9244 37.9507
58.2871 34.3341
57.7799 28.3975
59.8627 18.3496
62.2812 10.5418
62.0854 7.19089
61.5236 5.87353
64.2372 4.65627
70.8019 4.67317
75.7042 5.94521
75.9846 5.8809
75.5333 5.70718
76.3624 11.316
76.974 21.5455
76.6974 31.0745
77.928 34.0214
80.2992 30.7176
79.882 30.0741
81.2102 33.9744
87.8643 42.6156
90.1019 55.8187
89.1493 68.9522
91.7743 74.5649
93.2091 79.5731
94.5658 86.9616
100.171 89.0211
102.267 91.6331
98.7603 95.5217
98.4288 97.6749
101.7 98.8033
103.941 98.8843
105.947 97.9412
107.421 96.8661
107.349 96.372
106.699 95.1087
106.532 94.5723
106.973 90.4551
106.459 83.4422
106.376 77.5162
106.614 74.2186
106.848 74.663
107.359 75.5592
106.949 77.1228
106.488 78.2122
106.401 76.7757
105.914 75.5229
105.808 75.5938
105.988 74.0136
106.207 69.2772
106.303 62.725
105.422 57.6797
103.885 56.2016
102.887 57.1008
102.532 58.0078
101.436 57.8636
100.467 57.381
99.2523 59.4251
97.0715 61.7798
96.3594 63.1248
96.5001 64.3982
94.5007 65.2344
91.1854 64.6345
89.9327 63.0227
86.31 60.3194
76.5273 56.4062
68.9325 52.4116
66.8086 53.584
61.6825 61.6168
50.8364 69.4962
41.1664 75.6446
34.1065 81.8822
25.8724 84.2196
20.1132 79.8704
17.7924 76.2293
15.6388 78.6768
18.1184 84.7311
23.9594 89.2119
24.1414 92.0095
22.2965 94.7905
21.6571 96.9067
15.8882 96.8644
12.3242 97.5989
15.2172 100.461
16.442 101.723
18.98 101.476
24.8938 100.075
30.5515 98.7116
35.2201 98.5575
40.3156 98.3416
47.3208 97.6989
53.1515 96.9277
57.5663 94.6963
61.6357 92.8716
65.075 92.7861
68.0507 94.6996
69.2768 96.1942
67.658 93.5746
64.3647 89.0481
58.6275 87.1617
51.9735 87.477
49.8513 86.2569
48.7033 80.637
46.127 71.8391
46.502 65.84
47.7721 63.7699
46.4274 64.6504
42.3014 60.5157
36.8173 48.1735
33.3289 36.3615
32.2035 31.0983
31.4284 28.1377
29.5075 19.7915
26.6635 11.5413
26.3623 9.21147
27.2079 8.63452
27.006 9.04236
25.5786 10.224
21.6972 11.1101
18.899 11.5469
21.5457 10.0418
30.044 8.09365
38.11 7.12961
42.3042 7.97204
45.6342 8.49459
49.0643 7.39477
53.9158 6.25955
60.3442 5.56097
65.138 5.33462
68.4041 6.02168
71.9027 6.37998
74.2365 6.11286
75.066 5.96985
75.423 5.68441
75.7693 5.45706
76.0837 5.38556
76.5501 5.4593
75.986 5.5241
74.6981 5.4688
76.3944 5.39281
78.6479 5.38614
79.5265 5.26997
80.4033 5.20069
81.2484 5.26605
82.1845 5.28171
82.28 5.20965
82.2174 5.22864
82.0164 5.21858
82.3292 5.13703
83.0608 5.13088
83.7685 5.13143
84.9604 4.88173
84.89 4.83202
82.5363 5.34817
78.5957 7.27402
74.197 10.7603
71.2288 13.6461
70.7781 14.1611
71.2562 13.8466
71.4796 13.8946
70.2259 11.7692
67.7066 9.05894
67.0349 7.51109
66.7982 7.29201
66.2465 7.83145
66.336 8.54182
66.1204 14.1441
63.1368 21.8483
59.7306 27.3952
58.4895 29.8606
55.6931 33.9817
49.6303 42.678
44.3239 47.5408
40.1869 48.6794
29.8988 51.4166
16.9996 50.2948
9.55487 46.1124
6.48418 44.5655
5.51403 42.4225
4.97276 38.9918
4.76258 35.795
5.26093 35.0521
5.48776 33.9027
5.38709 32.5627
5.7082 39.8571
6.91247 50.1794
7.48035 54.3585
8.33768 56.8055
9.40731 59.8485
10.321 61.8265
11.7766 63.5794
11.7314 67.2247
9.71457 70.0478
9.33634 70.3086
11.7788 69.6794
13.0143 69.3521
11.5777 71.9571
10.9264 75.5898
11.4224 77.8943
11.4559 80.0899
11.4202 81.6929
11.4168 81.5327
11.571 83.0061
11.8386 85.7201
11.8465 87.7475
11.4202 89.5967
11.3129 91.2192
11.5419 93.6533
11.8212 95.2502
12.5037 95.5093
13.5303 91.3794
14.4666 85.9791
14.6582 82.8702
14.6828 80.7199
15.1044 80.453
15.6004 80.5949
16.2891 81.3416
19.8422 84.2594
23.0179 84.2774
22.9091 81.0166
22.2843 79.447
22.2243 77.8174
22.9914 77.1058
23.368 77.0772
23.6436 77.2515
23.6733 78.0039
23.7526 78.1517
23.9078 77.7933
24.1745 78.8051
24.1516 79.3518
23.6612 78.2096
23.9126 77.519
24.265 76.9035
25.4024 75.924
29.26 70.8652
36.3522 62.2538
41.4382 54.9318
42.1988 50.0851
43.3323 47.2444
45.6794 46.4456
47.2892 46.7288
47.9441 46.8547
49.1448 47.0009
49.4762 47.003
49.0667 47.1665
48.511 47.3475
47.7799 48.1307
46.6025 48.3251
45.3842 46.7512
45.9782 46.4022
46.8404 48.3682
47.7301 49.6014
47.5755 44.0277
46.4314 31.2326
46.9878 18.7706
47.3225 10.8287
45.3705 8.00791
44.2536 7.59797
47.0397 6.49611
53.1128 5.8112
57.6368 6.01078
57.9714 6.13097
52.2371 10.2093
46.3903 14.927
45.7648 15.3914
45.5525 15.5833
45.7284 16.1781
46.3473 16.6219
47.0551 17.3048
48.0144 19.2263
48.8886 22.0329
50.7501 23.6451
54.0325 22.8639
54.5062 20.2989
52.1825 17.7069
51.9939 16.5325
52.3708 16.4677
52.7099 16.5609
52.6218 16.2241
51.2399 16.2761
50.9612 16.8134
51.4813 17.1234
51.56 17.5625
51.9293 18.0942
51.6517 18.8561
50.6896 19.9207
50.0889 20.8233
49.8568 21.4908
50.3794 22.0421
50.4459 22.481
50.0258 23.0854
50.1236 23.5673
48.2055 21.3223
41.0265 15.4886
33.3332 11.1419
29.9848 10.2203
27.6657 10.794
28.7342 13.5376
32.901 16.33
35.2429 17.2087
36.2004 17.2856
36.4567 17.4202
36.6051 17.8528
32.122 18.1511
24.4369 18.1306
18.4859 17.3775
13.9915 13.9081
9.71425 11.751
6.17639 13.2651
6.36407 14.3147
11.9127 16.1964
16.3315 18.744
17.1728 19.6773
17.3124 20.0599
18.0406 19.8683
16.7841 20.4322
11.1473 25.4949
8.47295 32.3393
7.74971 35.8619
6.70918 35.6234
6.56063 35.3547
6.60482 35.2821
6.96496 32.8034
7.28061 31.3634
7.09806 31.7566
7.42622 32.3946
8.06289 33.7228
10.0057 33.3476
12.3203 31.3469
13.4312 28.4942
14.9238 25.2886
16.437 23.3374
17.9367 24.4751
18.3702 25.257
18.393 23.9892
18.6702 22.9789
18.7451 22.8641
18.6741 23.3661
18.5077 23.5742
18.3027 24.111
16.7423 24.0584
14.8941 21.8241
12.3534 24.4561
11.9363 37.8446
13.9549 50.2063
16.2815 52.0901
26.0789 49.7495
37.3665 49.7412
43.0117 50.6028
45.2722 51.5286
44.7568 51.7711
43.9484 53.7984
41.4469 58.2542
38.7424 60.8429
37.8346 61.4478
38.2343 61.5416
39.6553 60.8886
40.1301 57.4288
40.1692 54.145
39.6006 52.949
38.4479 51.6454
37.7201 50.6334
37.72 50.4948
37.2755 51.6588
36.6075 53.0104
37.1278 53.7911
37.6462 54.019
37.6492 53.9494
37.304 54.2498
32.0256 56.8376
20.9088 58.5269
14.8849 55.637
14.0253 53.1081
11.8627 52.1584
12.4262 51.0296
13.7569 49.07
10.5079 42.7733
9.64564 34.5344
12.59 29.5843
15.7409 27.0459
18.9356 24.1713
19.797 22.4546
19.5839 22.5315
19.4364 22.5253
18.4506 24.0685
17.8925 26.4354
19.0287 27.8016
19.9962 28.4702
19.6672 28.7975
19.8442 29.022
20.6503 29.0768
19.904 29.2594
19.1421 29.1594
19.5403 26.1948
20.5297 23.2346
22.4368 23.9918
23.9392 25.631
23.9764 27.235
23.5056 28.7119
22.3756 28.4882
26.7702 26.4846
35.9791 26.0256
44.1684 29.4152
52.5084 33.7803
59.2716 36.7024
63.2514 35.1797
64.5355 29.7639
66.3451 24.1404
71.3202 19.8904
76.4063 20.304
80.9475 21.9587
85.7744 19.4249
88.4483 16.9931
89.0917 16.359
90.2635 13.6311
92.2213 9.77837
94.8005 7.65646
97.093 7.58893
98.2907 8.88868
97.4364 10.0973
95.1378 10.7843
92.8655 11.7335
89.3607 10.3488
84.1553 7.60585
78.9 6.04318
76.7976 5.65557
77.3076 5.57962
78.2531 6.27334
78.7282 7.64563
79.2359 8.45658
82.0309 9.56326
85.232 10.9397
87.2162 11.6309
88.887 11.3461
88.7712 10.2703
86.8482 9.22626
86.5617 9.5835
84.8388 9.62324
79.3785 7.92892
75.8055 7.08537
75.6903 9.69655
78.5463 14.704
81.1231 21.4714
80.0737 29.9103
76.853 38.231
73.2805 43.6072
71.3482 45.872
67.1779 47.4131
58.8142 47.1593
51.9611 44.6547
47.4246 43.088
45.2516 46.0344
44.4349 50.4971
43.5502 51.5292
45.6216 50.0096
47.6524 50.0743
47.8413 50.7367
48.7653 51.0132
49.5674 50.9958
50.2443 50.1632
50.5296 49.9694
50.8985 50.0071
50.6432 55.9849
44.3349 66.4033
33.7172 76.9899
24.97 86.7844
17.2364 94.3402
12.4034 99.8088
14.573 98.764
16.9888 94.2781
16.6223 90.5715
15.4593 89.7728
11.9472 95.7361
8.61215 100.696
8.40419 99.6235
11.32 94.1937
12.9955 83.9339
12.6873 72.1451
14.9166 61.2685
18.5122 49.3904
21.1001 41.8208
23.1411 40.2995
25.604 39.5875
30.1548 36.1756
37.5402 32.0179
45.4094 31.5744
50.2489 30.9496
50.7614 29.8257
49.6103 30.0938
48.7917 30.2322
48.4569 30.7553
49.2244 32.7648
49.0167 34.7749
47.1205 34.5007
47.6443 31.9494
52.9302 26.3493
60.8648 20.1601
67.6719 19.9875
77.6056 27.2171
92.0689 37.4401
100.631 48.0077
102.822 56.6908
103.764 59.964
102.342 60.6861
100.377 61.4421
103.561 61.681
107.495 63.2155
107.724 68.0139
107.513 74.978
107.849 81.3633
107.554 86.4123
106.891 92.0666
106.095 97.1358
104.836 98.7398
104.674 98.6628
105.47 98.8862
106.105 99.1229
105.78 99.0435
103.891 98.7525
102.444 98.6519
102.412 98.8351
103.129 99.1569
104.14 99.0353
104.501 99.0433
103.968 98.8801
104.021 98.3872
104.853 98.1744
106.132 97.6111
107.24 97.6527
107.356 98.0671
106.555 98.0009
104.653 96.6358
101.711 95.0743
98.216 93.5683
95.7155 91.6387
94.79 91.4844
94.6018 92.3779
94.4426 92.6463
94.3348 92.8319
94.2868 92.3753
94.1941 91.6898
93.091 90.7975
87.297 84.9821
77.5702 75.8182
69.2525 68.3668
65.7975 64.5056
65.3176 63.8442
61.9336 66.4984
55.4973 73.64
50.0269 82.1153
49.015 84.7253
48.3959 81.86
45.0246 79.8934
40.5119 79.899
37.7334 80.2043
37.8118 79.4272
38.0931 77.6435
38.5176 75.0279
38.6226 75.2334
38.6724 76.0962
38.7061 75.7613
38.5178 77.1994
38.5327 78.6503
38.867 78.7666
39.24 78.1963
38.2539 76.3089
35.1979 65.7877
35.2554 50.2684
37.9785 43.0339
33.7792 44.2037
27.0713 47.8842
26.5239 48.1015
35.3508 41.3285
46.5493 33.878
50.443 27.3682
49.3564 21.2678
53.2345 23.7211
60.429 36.6681
63.9613 46.04
68.6983 48.0553
68.8541 54.4155
63.943 60.6283
61.654 60.4746
62.3179 59.2705
63.6655 58.7852
63.193 58.087
61.9771 58.2136
60.1769 58.2503
54.3096 62.3655
48.0903 70.5877
46.6856 77.5048
47.6752 83.2249
44.7453 84.8515
40.0195 82.0739
38.1982 78.4028
36.7147 76.5565
34.7883 76.1481
27.0801 76.6044
17.3722 75.0826
13.9514 74.8607
13.2071 74.2583
19.3401 64.3361
31.8611 52.9724
40.2171 44.0421
47.0816 36.148
51.8451 35.7465
53.2426 36.8222
54.0336 31.2019
54.5931 24.7174
59.344 22.9932
67.0782 30.7966
71.8158 42.9736
72.0476 52.9533
73.2136 55.1356
76.9587 52.2538
80.0632 52.2946
83.3301 50.5646
88.2056 46.4264
89.6537 42.687
87.0092 40.8904
88.5327 40.2107
94.9969 37.3059
101.868 36.0299
105.53 38.4886
103.326 49.6307
98.2107 63.7451
95.7274 72.6144
96.4721 80.1513
96.5302 84.5447
91.6733 86.6285
81.0891 86.2927
72.7539 82.409
70.6914 82.1084
70.3726 87.0638
70.5725 91.1463
72.8334 95.0539
71.2488 98.7325
64.6558 99.4069
60.7473 96.0331
60.6378 92.7449
58.8596 96.2275
53.5354 99.2424
48.3749 97.3584
41.701 93.1524
36.1405 92.6938
34.4382 97.97
32.3554 100.647
28.2821 101.116
21.6622 96.1751
18.1631 86.3221
19.3678 80.6215
23.0668 79.0094
26.524 77.4253
32.2836 75.2787
43.5685 70.7233
56.3301 65.2913
63.9258 59.5839
61.7305 55.6265
58.205 54.5602
61.7911 53.6307
70.9642 55.5455
79.4403 56.1741
85.2391 52.3783
92.1986 48.0229
99.6373 41.712
103.197 34.0434
103.281 26.775
102.3 19.4012
101.7 12.963
100.966 10.1832
99.9198 7.41214
97.5513 4.21999
94.4031 4.48117
93.0674 8.01432
93.01 16.7136
87.3331 26.3549
75.4333 30.1132
69.2961 30.6416
69.267 30.1612
67.4287 26.9754
65.416 23.0243
63.1997 20.9801
59.5251 19.9133
57.1312 18.6773
54.8533 19.9786
48.2122 21.2158
41.4762 22.7283
38.4239 23.2578
36.1068 18.5205
35.5233 11.6965
36.6594 7.82595
37.1128 7.42622
37.8456 6.83942
39.6337 6.04998
39.4753 6.84673
38.8723 7.27543
40.3499 5.94659
38.9435 6.61482
33.0108 10.6813
27.0031 13.208
23.0459 10.3552
19.3293 8.42694
16.2506 11.9809
18.1766 19.0519
19.7843 26.3676
16.4281 30.1622
14.9159 32.5154
13.0105 34.0886
8.73183 33.6975
6.88535 34.8329
6.62878 36.972
6.26102 37.1235
6.64096 38.4206
8.37367 44.5434
9.51258 51.6374
9.3601 57.498
9.24609 64.4736
10.254 71.1932
11.3878 74.9901
11.0795 78.3256
10.5904 81.2177
11.1556 81.1317
11.2404 83.1569
11.5079 86.9383
12.8205 88.8854
13.6164 90.5789
13.0841 93.5206
13.7455 95.7973
16.4986 96.3047
20.6955 97.6542
24.4019 99.7396
24.8373 100.634
23.5496 100.269
22.148 99.4882
22.0118 99.0475
23.4686 98.841
26.2561 98.7129
27.7313 98.4041
27.6936 97.1858
27.8915 95.3932
25.5343 92.0734
24.0506 88.4363
24.8777 86.2506
26.0705 84.9886
25.7659 85.052
24.4434 87.9675
26.8637 88.9933
33.1902 88.7524
38.9894 92.4827
40.4922 97.2698
42.3271 99.0811
47.9631 97.1469
53.1888 95.9763
56.4721 93.9514
62.1752 92.6559
67.5711 95.5165
68.9721 95.6899
70.2725 94.0221
74.9946 95.4638
80.0296 96.1792
82.4329 95.4794
84.1225 96.1323
86.1309 95.3224
90.8489 95.0438
95.4654 96.0212
97.6685 94.622
101.97 94.2277
106.226 94.1183
107.423 92.4409
107.702 90.624
107.033 88.8543
106.385 87.8112
106.687 87.0716
106.655 84.359
106.247 79.3354
106.022 73.3283
106.316 67.0386
106.079 63.6884
105.163 62.4317
104.701 61.1355
105.168 60.8691
105.04 60.9149
104.553 59.9463
104.46 59.1145
103.502 58.9042
101.678 58.2093
98.6464 60.0691
94.6583 62.2361
91.9731 60.9376
91.9229 59.6374
92.7198 59.634
93.171 60.419
89.1232 62.5277
83.9646 63.6524
83.9227 62.0801
84.4822 60.6384
83.7924 61.9353
83.2853 62.9405
83.2361 62.6998
83.2629 62.9832
82.808 62.8927
81.8077 62.735
81.8877 62.2977
81.4987 60.2578
79.5191 58.4577
80.4625 58.38
83.0967 59.2652
84.268 60.5656
85.3907 61.9676
86.3715 63.1387
85.6794 62.4673
83.8865 60.8352
83.586 60.5078
83.9216 61.2724
83.8764 61.4479
83.8943 60.2901
83.6865 60.2003
84.1048 62.4903
85.1321 64.8623
85.4694 66.0576
85.48 66.0699
86.1044 65.7118
86.1367 64.3265
85.9662 62.3323
83.3832 59.7531
75.8439 63.7228
64.0331 68.5942
54.2448 69.4397
50.1918 75.5436
48.8613 83.3302
48.2229 86.6251
48.094 85.9985
50.081 85.2216
49.6368 85.1639
45.699 84.1604
43.0727 83.4041
43.4055 85.4989
48.7611 89.5436
49.2247 94.1927
42.8256 97.5174
37.2009 97.5536
29.4057 95.1535
23.0116 95.1724
18.5054 95.1149
12.5792 91.412
9.78622 86.4216
11.4467 79.7814
12.2264 70.6076
10.4012 60.6345
9.68461 52.094
10.2844 48.0134
8.55454 45.5887
5.24129 40.4819
4.60738 33.469
6.30122 25.3552
9.42467 17.6889
13.7847 12.4272
18.092 9.79253
23.067 10.2375
24.4026 13.5423
23.1673 15.5509
22.5252 16.6309
21.2263 18.7842
20.0448 20.7889
18.8867 21.7691
17.9789 22.5146
17.5051 23.9171
16.8006 24.8973
16.2174 25.7132
16.162 26.9828
16.8846 27.9237
18.4284 25.2481
16.325 21.657
13.1374 22.2637
13.5392 25.1676
14.508 26.3483
14.1572 24.8508
13.9954 24.1571
14.8802 24.0777
15.8824 24.3642
17.1923 24.9345
18.0083 25.3166
18.1705 26.4852
18.5654 27.8009
19.1694 28.3062
19.6949 27.9803
20.0406 27.6545
20.2142 27.3834
20.1594 27.1466
18.6833 26.3439
15.1616 22.4591
14.8474 14.5709
19.8088 9.709
23.8552 9.96355
26.7629 12.9771
28.568 16.9914
27.5353 18.4117
25.7957 18.6939
24.6814 19.1766
24.0579 19.4333
23.4649 19.3905
23.4362 20.362
24.7425 20.8449
32.2104 17.3553
40.8995 15.6029
42.7129 15.2628
42.9183 17.277
44.8416 24.2873
49.2245 27.7323
53.0625 30.4794
51.9871 37.545
49.2001 43.9756
45.4731 47.0079
40.6333 48.2272
36.1812 48.1303
34.5248 47.7565
42.7231 45.4804
55.1691 44.1259
61.8651 48.372
64.6341 54.795
66.8728 59.0531
67.7704 63.9274
67.8909 69.9495
68.8555 73.394
70.1871 75.5075
71.8023 75.5907
70.6258 75.9842
66.1981 78.2198
62.5567 78.3352
61.9952 77.6181
63.2428 78.7331
63.4801 80.669
64.2184 82.3872
62.8496 83.0868
53.7129 80.7969
43.0631 77.1272
36.1655 70.8412
32.7903 58.8157
31.6817 45.8471
33.6921 34.237
39.6538 24.8824
47.5653 21.4829
54.3576 21.6244
56.503 20.6742
56.0934 17.745
57.118 15.8117
62.8596 21.7989
71.7475 31.3362
77.8315 36.8547
83.3997 38.158
88.3653 35.5176
92.5745 33.0887
97.1495 32.1152
99.0402 30.8776
101.087 31.1189
102.137 30.6647
100.782 27.4898
100.685 24.7568
102.342 22.9037
103.083 21.7664
103.358 21.3637
103.328 22.1824
101.334 21.6318
98.8281 20.2953
96.8307 21.077
95.1703 20.75
93.5864 18.4535
93.0715 14.4718
93.1955 11.4808
92.2073 10.2202
94.4421 7.19033
97.8394 3.81686
96.1934 3.07387
93.3744 3.78642
93.2652 4.16896
94.7172 5.15073
95.4013 5.64385
94.2524 5.42547
92.9247 5.76169
90.4603 6.28221
86.6807 6.266
84.3594 6.32519
85.3546 9.158
89.8889 16.2256
91.5327 26.3054
89.0191 38.4546
87.6053 48.5996
89.5254 52.3848
89.9852 54.4058
86.7249 60.0652
83.736 66.3763
75.9454 67.2586
64.9338 62.7819
58.4774 56.3387
55.6194 50.3944
53.4618 46.8795
51.2537 46.69
49.1429 47.7372
49.4712 51.0656
49.3803 59.6571
45.6644 70.0483
40.9085 80.3916
39.2932 88.8249
38.1214 92.6517
32.256 94.2645
27.8558 96.0468
28.497 97.2919
32.4212 98.6388
36.4297 100.495
39.0082 100.864
45.4875 98.9303
53.898 97.4789
60.5564 95.8909
64.8212 95.6282
64.4409 97.1951
62.6473 95.968
63.431 94.164
65.7116 92.6765
65.9797 90.626
69.8363 90.0251
78.1149 89.9737
84.051 88.8172
87.5454 83.3839
89.8204 74.3719
92.2917 68.7026
97.4971 66.4564
103.063 65.188
103.661 63.7272
102.758 62.3137
104.869 61.0695
106.482 59.8686
105.882 59.8445
105.71 59.7444
106.281 58.6421
106.469 59.2841
106.433 61.0707
106.336 61.2825
106.208 60.1626
105.285 59.0878
104.766 59.1689
104.619 59.6952
104.782 56.8856
105.308 51.8454
104.862 48.034
104.612 46.1372
104.715 46.4767
103.964 46.6268
103.133 46.4307
101.323 47.6452
98.4447 47.2752
96.0914 44.5499
95.0975 42.3511
94.49 41.2678
90.554 41.347
83.1115 38.7404
76.9024 32.2375
73.4014 26.9325
70.7511 25.7797
69.7822 24.6762
70.9653 21.9422
70.805 20.2174
69.7018 20.4989
69.543 23.5283
67.6448 29.7912
63.8816 37.4859
63.0715 44.0286
67.0027 48.8776
68.84 51.5031
67.3309 52.0974
66.8625 51.8568
67.6434 53.1885
67.3283 55.755
67.0284 58.0774
69.7938 60.8944
75.2022 62.4418
78.8988 64.7277
80.0735 68.2066
79.8906 69.8734
78.7667 70.1448
72.2528 69.0317
60.3507 66.0526
52.0719 61.0002
48.6875 55.6021
46.684 50.9228
45.1614 48.6093
44.6997 52.4131
45.8658 60.0993
43.8116 68.8765
36.4942 71.503
31.6423 67.9059
29.8169 67.2335
28.0881 68.1019
27.6242 71.4801
26.2249 76.1264
23.4363 76.7083
23.4675 77.9502
23.3976 81.0014
21.6373 82.5962
24.3075 83.4716
30.5346 84.4404
37.0979 84.8217
42.3664 82.7177
47.5171 79.8993
54.1847 78.9092
59.6323 77.9749
61.248 75.8108
60.6505 71.1183
63.6793 64.9753
66.0296 61.0023
64.9448 59.2438
64.1902 59.1181
64.3885 59.3416
66.2051 59.6676
70.064 58.971
72.1806 56.9099
70.7569 54.8903
69.9835 50.1169
71.7624 43.4832
73.3275 39.0696
72.9007 36.9705
72.8168 36.8975
72.8683 37.4202
73.0232 38.0401
73.7848 39.3159
69.3013 41.2183
63.5158 42.5468
61.7384 44.0816
57.9084 47.1401
52.6628 47.1541
49.6249 46.0638
47.1214 46.6922
45.0532 46.2543
44.587 45.1512
44.3893 44.5848
44.7529 44.7808
41.8058 43.7051
35.1866 45.9276
30.9514 53.4289
27.6954 56.0871
25.9086 55.6675
25.2546 57.1988
22.6515 57.9398
15.9705 55.9362
10.3987 50.6641
9.16139 48.7657
8.12787 49.5647
7.91951 50.6926
7.9239 52.5972
7.87471 52.5418
8.216 47.572
14.8074 40.9892
22.7739 38.5567
25.9988 38.3352
27.7498 38.6165
29.0247 36.7202
32.9574 34.2758
37.8874 34.7491
41.3393 35.7504
44.8244 36.2933
48.025 40.1134
48.5415 47.149
48.6411 49.148
53.295 46.3205
60.0326 44.5719
63.1904 45.9164
63.864 48.7914
64.3988 49.6909
64.637 48.5464
64.4452 47.1489
63.8757 46.9969
63.3467 47.1566
62.025 48.5319
59.9765 49.7174
61.4575 49.8865
67.7304 54.8388
73.4171 63.7985
77.0665 71.7269
81.2979 79.5726
85.4484 87.3143
87.2698 94.4249
88.6532 98.9802
89.8796 99.7983
91.8853 99.7998
96.0395 98.956
98.5919 97.3144
99.2651 96.489
101.192 95.1927
105.206 91.8273
107.23 88.2457
107.046 85.1396
107.504 84.4795
107.325 85.6658
107.021 86.0528
106.892 85.7599
106.682 84.871
106.667 84.4778
106.211 84.5807
105.714 83.3731
103.296 81.6843
100.163 80.5034
99.0885 79.0781
99.2153 78.3604
99.4165 78.2347
98.2323 78.843
97.6782 79.3004
97.8151 79.2429
97.4793 79.4401
97.7609 79.3044
97.6492 79.344
97.4704 79.5674
97.6453 79.7228
98.3661 81.3813
99.8775 83.7208
99.9453 85.3732
99.5467 86.9148
99.8845 87.5124
99.0745 87.1096
97.6009 86.1527
97.944 86.1247
99.7347 87.2179
99.8349 87.2813
100.671 87.9335
100.969 88.1363
99.7333 87.4273
99.6404 87.5309
99.3499 87.3547
99.4103 87.7945
99.5533 88.4041
99.4528 88.4326
99.5259 88.3628
99.6293 88.0874
99.712 86.1687
99.4534 82.7982
96.3121 80.5011
91.6113 79.1024
89.69 77.6715
88.8507 74.7727
86.7707 69.9018
85.4107 67.2567
85.089 68.1498
83.8764 66.7032
82.3066 63.1751
81.3911 62.0509
80.7549 62.1534
80.5029 61.9487
79.2754 60.6178
72.0372 61.0862
62.7952 61.5051
59.4487 58.1696
59.1001 56.4471
58.2631 60.7039
56.2188 66.5096
53.9146 73.3468
50.3062 79.0588
40.1511 75.4454
31.2114 65.9776
28.0549 56.3545
24.5737 46.6873
21.6887 35.5071
19.0693 25.5213
19.4511 19.3949
22.9911 15.052
22.142 13.0193
20.1745 10.9748
24.2624 8.91884
31.1066 9.49313
34.0051 8.80389
34.2223 7.28132
35.1544 6.92198
35.3676 6.90848
34.9925 7.20705
36.7756 8.63317
38.6741 11.6999
40.4049 13.9949
43.8331 16.1242
45.2028 18.3607
44.9198 18.8165
45.4122 18.1061
46.3039 16.6584
46.8806 15.3826
45.8134 15.9439
43.2532 17.7506
43.9548 19.8982
47.5986 23.1548
49.4556 25.9007
50.6892 27.2512
51.4169 29.8561
50.7128 32.2891
50.9524 32.2336
52.4733 31.4487
53.1549 31.5741
52.3686 32.6067
51.1449 32.3092
50.7206 30.0069
50.5857 28.2051
50.0285 27.7799
49.6276 27.5814
49.4536 27.3439
49.2483 27.1063
48.9335 26.8531
48.6031 26.5138
48.2883 26.1981
47.9657 25.9292
47.6743 25.2302
47.3595 23.5536
46.4966 21.4137
46.1405 22.1499
49.2456 27.1676
54.5734 30.395
59.2355 28.3095
62.2985 25.1424
65.34 23.0151
69.4128 19.0351
70.9277 16.7783
69.6514 18.8995
69.4297 21.992
68.2797 24.1557
65.7433 24.5974
64.9604 24.9152
64.588 26.2027
64.1999 28.0219
62.9118 28.7268
62.0664 28.8796
61.4413 28.897
60.3182 28.594
60.0502 28.7468
59.8334 28.8189
60.8304 29.5456
62.3923 30.7563
62.3823 30.8257
64.6427 30.8996
71.2501 34.191
76.4108 39.9422
79.9346 46.4972
84.3889 53.8609
89.9592 61.5312
97.7143 66.9839
104.346 70.8209
104.8 76.906
101.654 81.3427
102.39 84.1542
106.565 87.2201
107.633 89.08
107.376 90.5728
107.622 91.7627
106.978 94.2243
105.85 97.0819
104.268 98.2882
102.729 99.8366
98.0328 99.4203
92.8948 97.5592
90.9908 97.6682
86.8509 99.055
80.7438 100.229
78.2863 100.39
78.1132 99.8077
78.0923 99.8621
76.6992 99.5792
76.1703 95.3682
78.5401 87.947
79.6453 82.6757
78.942 81.1965
78.0335 80.9734
77.8527 81.2713
76.8848 80.4612
70.3777 81.2137
58.7183 82.029
46.4456 81.1152
34.8409 79.7598
24.1563 79.0952
14.6455 78.7767
8.75745 76.3688
7.05467 70.1707
7.63357 62.9328
7.62692 60.0356
6.72635 58.7365
6.78294 56.701
6.84559 54.7725
6.95622 52.5239
7.01379 50.8533
6.66346 50.3133
6.24309 49.1242
6.28957 47.2156
5.23567 45.358
5.20361 43.4494
5.86123 40.9919
5.9087 39.2768
5.74923 37.2985
4.9557 33.3399
5.20013 29.3158
5.55126 24.3266
6.86843 19.5031
7.24048 14.4053
6.21356 10.275
5.33151 9.09917
8.44745 8.59437
15.4854 10.0771
18.2208 12.9428
17.6646 15.0172
19.1574 17.4778
19.9937 19.4108
18.9693 19.2688
18.1334 19.0686
17.705 19.3426
17.8631 19.5226
18.0135 19.5776
18.156 19.6169
18.2907 19.3825
18.3394 18.9995
18.4037 18.679
18.6088 18.4837
19.7759 17.0605
23.6335 12.8334
30.4916 9.14845
36.3024 8.80813
39.4783 10.491
40.9329 12.6128
41.3142 13.5407
42.0983 12.3205
42.1479 9.73477
41.9803 8.25654
42.3451 9.85044
42.2936 14.2698
41.6568 18.039
38.9568 22.7198
36.1812 29.2152
39.911 33.2408
47.5409 39.4855
54.5496 48.8716
61.0998 57.047
66.3697 65.5678
68.3706 72.3962
69.5349 77.0316
70.2215 84.8693
65.1303 93.1055
59.3646 97.8125
55.3733 99.1517
49.6551 98.3476
43.0665 98.2154
39.4035 98.0148
37.6102 97.0508
36.1414 97.2414
34.9913 96.9794
33.8934 95.6844
34.5218 95.2905
34.755 95.0436
35.7882 94.5269
36.8327 94.473
32.8129 95.8382
25.4296 97.2207
19.5456 97.2842
17.4304 98.0732
16.3652 99.178
14.5508 100.024
13.1479 101.556
11.8177 101.345
10.8999 99.4087
10.5645 98.0329
10.4013 97.4059
8.86355 96.4993
8.37515 93.7785
9.0331 91.0548
9.03495 88.029
8.65476 82.6971
8.32813 78.4952
8.99191 75.193
8.55738 67.6692
7.11317 56.1394
6.04534 47.4695
7.41854 45.2076
10.6178 49.6217
12.3591 52.9879
12.8411 52.3067
12.205 49.6389
8.72608 40.8797
5.68679 29.0886
5.83457 21.967
8.21764 24.3244
11.3913 26.7774
10.9781 25.9822
9.42377 26.2609
8.96466 24.3553
8.91449 23.7643
10.1077 26.0399
10.9188 26.2574
12.2998 21.0313
15.9861 15.5333
18.5376 15.3078
18.1052 16.7297
18.0121 16.8124
19.1114 17.5011
19.5202 18.5888
19.9052 19.4186
21.9353 20.0055
23.7061 18.1608
26.0518 12.9555
33.1288 10.9252
37.7056 13.7993
35.8536 15.9458
35.4674 16.3814
36.3724 14.931
36.2889 13.1706
36.5283 12.9685
37.5181 14.1999
40.1668 15.5443
38.4738 15.7875
29.7324 16.2012
24.3418 18.8353
22.4535 19.4536
18.5781 15.675
13.9558 12.9258
9.56293 12.875
9.04633 13.548
12.9303 16.8784
16.6999 18.9222
16.0555 17.6596
10.527 15.8827
8.37614 14.5924
8.90538 16.7607
7.68433 18.5428
6.02308 18.1152
4.76384 18.3072
6.87723 18.545
10.0024 17.9176
11.25 18.5528
12.3193 19.6341
14.1954 20.0439
16.5545 19.953
18.0455 19.6407
19.0826 20.2791
19.6085 20.3597
16.2181 22.3251
12.9613 23.4772
12.5149 21.6247
12.444 19.3586
12.9924 17.4187
13.4196 16.1223
13.062 18.7087
12.7485 28.8874
13.8449 37.8827
15.6147 42.2269
16.2826 51.474
16.6543 66.9186
16.2875 82.1369
15.536 93.5339
16.1659 97.4833
16.7657 98.091
16.3835 99.9279
15.2947 98.9823
15.179 96.3368
14.9045 93.8325
14.1265 91.031
15.1122 90.82
16.556 91.6464
17.2032 92.2573
17.2138 92.8623
16.7139 90.9134
16.6034 91.3955
17.8623 96.5588
23.703 97.8847
30.3619 94.6016
33.2737 91.5392
33.6733 90.5916
34.44 88.8029
36.763 83.8805
41.4762 79.3567
46.3146 75.7646
48.5834 73.7672
49.9975 73.4089
49.9095 72.1541
49.1738 69.9012
48.6069 69.4061
48.4051 69.147
48.2607 68.5906
48.119 69.2142
47.8481 69.9449
45.9655 72.411
44.1455 76.5071
43.7615 77.6353
42.6727 76.705
40.8593 77.3893
41.0697 77.598
43.3097 78.6273
46.1607 83.6915
47.6067 90.7638
45.8362 93.8365
43.0862 94.2539
42.692 96.2357
41.3106 96.4165
39.2021 94.6999
40.0181 94.7261
36.1088 96.0069
29.4555 94.5701
26.8466 92.9746
24.9518 89.7744
24.5793 83.542
24.0454 79.4869
21.3145 81.5511
22.1124 83.5549
25.6141 81.1972
27.6193 78.9035
27.7049 77.7176
26.891 77.549
27.1368 77.7891
27.7763 78.8537
28.0773 79.081
28.9905 78.8123
30.5223 79.6468
31.7079 80.5399
32.1272 80.2718
32.6328 79.5692
33.1751 79.1129
33.6242 78.8564
33.9269 78.7542
34.0901 79.1117
34.0811 79.0921
33.7142 78.6916
29.8336 77.9163
21.5424 74.5229
16.586 69.6392
15.7825 67.5971
14.7636 67.7447
14.6 66.5072
15.1875 64.7102
16.287 64.247
17.4998 65.5188
17.6555 69.9372
19.6145 76.1129
20.9667 77.2534
20.2602 75.1994
19.2064 74.1523
18.5515 72.2391
17.8122 70.4001
18.2807 69.7323
23.7814 67.1214
27.2252 62.2984
28.066 58.9282
29.1688 56.2692
32.9784 51.5725
40.012 47.5405
45.9226 45.5723
48.3399 42.9537
47.2417 41.278
47.8202 41.3314
48.4799 41.0055
48.498 37.7663
50.5614 32.5824
52.6672 30.6254
53.3336 31.6204
52.076 32.944
50.4776 35.4547
49.5552 38.4508
49.1826 40.9042
49.4529 42.0717
50.2183 42.1381
49.8878 42.2816
49.2403 42.3258
49.0805 42.0583
48.9533 42.8018
48.8295 43.7553
48.0095 43.8037
47.9055 43.3293
48.6695 42.2043
48.4911 41.3674
48.4568 41.82
49.549 42.6731
50.0705 41.2255
47.8842 36.7539
43.1927 34.0927
40.5345 35.0465
42.094 36.746
44.7879 37.1289
46.3909 36.9278
47.1175 36.8786
47.5431 36.839
47.8045 37.7667
46.2678 38.676
38.3678 41.7325
27.0285 45.5744
21.451 46.2431
19.0174 46.3455
17.6914 45.5506
17.9578 44.524
18.1901 43.8408
18.9435 43.022
19.9009 43.4834
21.2935 44.3949
23.1362 45.6747
23.4125 44.7767
19.8051 40.5683
14.8792 34.926
13.5819 30.6995
16.2837 30.3375
19.2275 31.857
20.4902 33.413
22.0976 34.3022
23.1269 36.5409
20.9318 38.7592
23.0289 34.8016
32.3029 31.2556
42.7681 33.9809
53.9685 39.3172
63.6651 46.5912
68.86 51.113
69.7565 51.1991
68.4312 52.1262
67.5938 53.9844
66.5749 55.3345
65.9567 53.7302
66.5456 49.2288
67.2675 44.891
67.8385 40.7786
69.44 36.0299
70.4134 29.3766
69.2504 23.5835
68.532 20.1615
69.1156 18.331
70.0585 17.5321
70.7652 14.1627
72.165 8.48476
73.9686 5.29841
76.6595 4.51879
82.2995 4.66083
87.2816 4.87417
87.5426 4.0529
85.0432 3.80015
82.7665 4.36626
81.4394 4.68012
80.8859 4.56839
81.8098 4.43951
86.7862 4.19133
94.5442 4.4972
99.8202 4.75368
101.096 3.93194
102.311 9.07272
103.678 21.4659
103.843 31.3126
104.492 38.7501
105.4 47.2107
106.397 53.1385
106.827 54.9085
106.06 54.4376
105.341 54.0739
105.862 54.0058
106.799 53.5925
106.511 52.9189
106.296 53.4227
106.772 56.4238
106.148 60.4746
102.386 62.1894
98.422 64.6644
96.0744 68.8107
95.0033 72.1631
95.7213 78.1515
94.4408 83.1518
91.4311 85.8501
90.5425 88.8876
89.6363 85.9434
85.4295 78.669
80.2407 74.1532
74.6707 69.7792
71.429 66.8981
72.5813 70.4101
69.995 75.9789
60.717 81.1274
49.702 86.7545
41.8854 86.8774
39.1973 83.1259
38.7867 81.4783
38.9543 81.5922
39.2838 81.7157
39.6407 81.3135
39.5698 81.2381
39.3983 81.5788
39.3335 81.8748
39.1676 82.1005
39.6239 82.562
40.0015 82.9096
35.3938 82.241
28.8177 80.4497
26.5054 78.9331
25.7467 77.8354
24.6366 76.9742
24.94 76.4162
26.0883 76.0587
26.7842 75.9297
27.4488 75.7722
27.7837 76.0671
27.7126 77.8712
28.0758 79.2653
29.4382 78.3683
30.4458 78.0365
30.8357 78.5743
31.3048 78.561
30.621 78.3281
28.1505 79.8403
27.1206 81.0016
28.3292 79.6784
28.9769 78.265
29.4283 78.8841
31.047 79.69
33.6102 79.5085
35.5003 81.0646
35.2843 82.4108
33.8359 82.0961
36.3381 83.4883
41.6984 85.59
44.3274 86.0014
43.4734 86.8935
39.1146 88.1617
35.813 88.4721
35.1816 87.8455
34.1036 86.8149
33.7786 86.2698
35.8886 86.5803
41.7148 86.1193
46.8186 86.1004
47.0763 88.5271
46.0793 89.9832
43.5507 92.1931
39.1582 94.9536
35.7746 94.4089
36.9897 89.183
40.4379 81.5349
43.5149 79.7571
45.9161 79.1922
47.5956 76.8282
49.027 76.0222
52.3261 72.7378
53.8485 67.2327
50.8915 64.6012
51.9963 63.3189
58.2634 59.7992
61.0836 57.3053
62.4797 56.7506
67.1319 56.8508
69.732 55.819
70.3786 54.753
69.5386 53.7865
68.5529 51.1352
72.4967 46.305
77.3309 41.0984
77.9245 39.6332
79.8229 49.7546
78.0961 66.7835
72.2114 74.1356
72.1941 74.2615
73.1174 73.7054
71.0732 73.3795
70.3323 75.4504
70.568 78.1263
70.0296 77.4164
70.5817 71.9479
72.791 68.1722
75.5793 68.0245
77.4247 72.789
72.4238 78.607
65.361 79.0304
58.7869 73.4491
50.0947 67.459
42.7566 65.7617
38.0382 63.5623
36.739 62.7837
38.7729 55.1016
44.1109 41.3005
48.9003 35.6526
50.1248 35.9365
49.91 36.0813
52.3275 34.387
55.9884 31.4171
57.6441 30.8076
55.8906 30.5325
53.893 28.3367
53.4979 27.3156
51.3447 30.0595
47.4073 34.9889
44.1795 39.2934
44.0201 45.53
43.2527 51.1135
40.8366 51.772
38.8826 52.4128
36.8362 53.8325
34.996 52.5217
32.6946 47.1783
30.1517 42.959
28.7275 42.0536
28.8149 36.1458
30.2976 28.6575
32.949 25.6408
33.621 25.384
29.8892 28.7443
23.7269 35.6911
20.0609 41.1493
19.5445 45.0726
21.0545 50.9732
21.7382 55.657
15.6952 54.5542
9.3428 49.6975
8.14578 48.812
9.57191 54.3212
10.9969 64.5931
12.0111 75.3819
12.7586 83.6884
12.1749 90.1106
15.2077 92.7433
23.1768 92.1636
30.7561 94.1152
35.852 97.9
39.9301 98.5937
42.7465 95.9992
44.5158 93.0395
48.9039 91.8559
55.595 90.6372
60.3771 86.6342
61.3167 81.9876
62.845 79.0419
70.013 76.5255
79.9051 73.9928
89.0852 73.6931
91.4593 72.6979
86.5332 69.8329
82.6772 67.4355
80.9523 65.2579
82.0418 63.8307
86.298 60.9676
88.347 58.004
86.9919 54.8586
86.9338 51.5479
89.1819 50.3096
88.7485 51.246
85.4145 53.7702
83.0753 55.7003
80.9516 58.0416
75.1148 58.5521
66.684 53.3925
60.8462 47.3458
55.5863 44.6268
50.3141 44.8786
48.3214 44.758
47.8947 43.2913
46.9106 41.642
45.892 38.9304
44.5593 37.1173
43.075 37.0545
43.3155 35.0032
46.0362 31.8085
48.0063 30.1956
48.3394 29.6888
47.5051 29.5218
46.7448 29.8474
45.6075 36.1302
44.3234 45.5621
45.1206 51.3462
48.0776 53.4878
48.8987 53.5112
42.6756 53.0598
34.0345 49.761
29.6161 45.5712
29.4312 44.6457
29.7393 43.5148
30.5079 35.1468
30.7321 24.9904
31.0305 18.6269
32.4186 11.2055
35.7497 6.04264
41.0245 5.30932
45.5466 6.07253
47.4291 6.54758
47.6439 6.18314
47.746 6.35783
47.9926 7.49902
49.0551 8.06072
50.2992 10.4758
50.1187 14.6174
50.155 12.312
52.6854 7.82422
55.0207 6.43354
57.0204 5.79227
59.8436 6.23975
60.7141 6.27939
58.7176 6.89696
56.0274 10.4465
48.5197 18.4012
40.6944 29.5352
38.8685 38.5853
42.7915 44.3135
50.7053 44.0415
56.8672 40.6395
60.7415 38.8691
64.2888 35.3481
67.0302 32.5477
66.4706 31.1996
65.7071 28.9136
67.8644 27.943
75.0262 31.7458
84.9094 38.746
91.3626 45.8875
96.8239 49.441
101.504 47.6477
101.474 44.7517
100.403 43.2503
100.122 42.2873
97.533 38.146
95.0437 33.4071
94.1925 30.874
94.1902 26.575
95.4709 21.1817
94.1533 19.727
90.3454 23.7292
85.7281 29.6803
78.1342 35.5836
72.5767 43.6785
70.6406 50.5491
68.215 54.739
66.769 60.9014
66.6605 67.5775
66.9207 71.3745
68.1004 72.5732
66.7059 72.268
60.3449 71.8597
52.5876 71.9481
46.9929 74.035
43.4851 76.916
41.6669 77.4168
41.6299 77.0248
41.6845 76.5727
41.9132 77.2565
43.1897 76.9217
44.1744 72.273
43.5869 68.0399
39.4769 63.3363
33.8711 55.1505
28.9145 48.0282
23.3108 42.5399
18.4558 36.4394
15.576 30.8525
14.3221 28.1598
13.8948 27.1466
14.2643 24.0771
15.1897 19.9553
14.9308 17.3188
13.6551 15.2247
11.0699 16.6126
8.67686 15.0222
9.02654 10.3943
6.9276 11.6198
4.31666 16.0208
5.0642 26.892
6.74658 38.9728
7.90735 47.1
10.421 54.8257
11.2223 62.4407
10.3941 71.5807
13.1199 79.9565
14.232 87.3379
11.7147 91.4139
11.7116 93.4119
12.221 97.4746
10.9256 100.576
11.8958 101.98
18.6821 101.451
26.623 99.5688
32.7328 98.9535
37.185 98.7234
38.1455 96.0015
41.421 91.9426
48.4899 91.1478
56.0743 93.7993
60.656 96.8935
61.6065 98.8288
60.5487 99.1471
59.4916 98.9323
58.3184 98.3636
57.5814 93.4298
57.4851 86.1622
60.5178 81.5934
68.3996 81.0161
73.7987 80.5683
77.274 77.746
84.0735 81.0686
87.7609 89.7247
87.7124 94.2519
90.1003 94.476
92.9227 95.198
93.3345 97.6729
92.1088 98.5938
94.1763 97.146
97.3135 97.4967
97.5388 98.9005
99.003 98.7666
100.908 97.8772
100.842 96.4546
99.6454 93.7542
98.3348 91.75
98.3276 92.5288
96.3152 91.3682
92.5983 87.6331
91.998 84.3359
91.2346 80.2596
88.7731 76.8647
88.4045 74.511
88.3832 72.4294
87.5357 72.3437
89.3471 74.3072
91.4552 76.1922
91.6865 76.1988
91.8652 75.552
92.0211 75.0818
91.7312 74.778
91.3542 75.2583
91.219 76.3821
90.8235 77.2891
90.5079 76.9674
90.4415 76.8854
90.8754 76.1688
93.6662 72.2648
99.8606 71.3484
104.554 77.8481
105.347 83.6378
107.089 81.044
108.918 76.75
108.49 75.542
107.043 73.9695
106.051 73.9294
105.975 73.7313
105.922 71.1837
105.775 68.3279
105.401 66.8845
105.165 64.7123
105.346 59.857
105.333 54.3643
104.668 50.1082
103.789 48.7755
103.122 48.2701
103.582 48.4879
104.524 49.954
104.22 50.1081
103.689 49.5328
103.503 49.2725
102.408 49.5983
102.08 49.9027
103.312 50.0763
103.97 50.2806
102.812 50.6551
102.226 50.2647
100.944 50.0876
94.6665 53.3711
88.3675 54.4301
84.87 53.6263
82.0353 54.265
81.1793 53.2783
82.4596 50.9257
81.5861 50.4303
79.2919 51.0751
78.055 50.6029
77.8283 49.8482
78.1587 49.5983
77.9546 49.9537
77.9647 50.0241
78.0909 50.1269
78.068 50.1056
78.9676 49.5171
79.8518 49.2093
79.646 49.3974
78.9395 49.2176
77.3876 47.513
73.6305 47.8915
66.9759 53.0008
60.9491 58.3143
57.522 62.6116
51.3471 61.7463
44.7792 62.1552
41.1552 68.7125
35.4158 72.8088
32.2707 73.7237
35.2607 72.5774
39.2556 70.9189
41.4616 67.7735
39.912 64.9301
35.855 66.9408
33.2343 70.7868
32.5746 72.2183
32.0279 71.6681
31.8452 71.6464
32.3736 72.029
32.6238 71.6011
32.53 71.2425
32.1077 71.5318
31.6531 71.9072
31.2822 71.7619
31.3459 71.6207
31.6465 71.6822
31.5593 71.5732
30.7539 71.5519
30.0915 72.7372
30.1551 73.6465
29.8167 72.325
28.7434 69.6384
28.0368 67.8123
28.4959 68.3759
29.3678 70.0602
29.9797 71.3226
32.4302 70.9145
36.6851 70.075
38.8418 70.1404
39.8439 69.4115
40.4741 68.358
40.0417 68.4368
40.1578 68.4596
40.769 67.778
41.356 67.2727
42.2071 67.8714
42.7621 68.1751
39.4744 71.5126
34.4666 82.0042
28.7818 91.5869
25.9961 93.8525
27.287 93.2663
27.293 93.0786
26.7336 92.0821
26.7489 90.4032
27.8752 89.4435
27.9945 87.829
27.5169 85.8483
28.0576 85.2764
28.8892 86.2337
28.5568 87.8781
26.3633 91.389
25.3429 95.1222
27.0629 93.0694
28.3885 90.3708
29.6422 93.7924
28.8325 97.6882
23.8267 98.651
20.7677 98.5791
20.8342 98.0871
21.5873 97.8176
22.7164 97.0222
23.2955 95.5958
23.8589 94.522
25.1629 93.7387
25.9489 92.7881
25.988 91.9346
24.2824 91.7156
19.0864 90.5072
14.5871 88.5606
15.7828 87.9607
19.1658 86.7331
20.2132 86.285
20.8427 87.268
21.5049 87.9377
20.5914 87.8238
17.9882 82.6816
19.7353 74.2875
25.688 68.5542
32.602 61.756
41.413 55.4859
43.4838 51.8409
41.0176 47.1918
42.6205 42.8884
45.1582 40.6859
46.3232 40.3044
46.2284 38.7155
44.6834 36.8315
45.0617 37.2493
44.104 39.3502
40.939 41.8864
39.5452 42.9565
39.3202 41.7335
38.7524 39.6343
36.9003 34.4229
35.1832 28.1756
34.1095 26.1045
36.0824 25.4875
43.9977 25.3018
53.0307 27.5007
57.7377 28.7296
57.4566 26.3782
55.1445 23.4299
59.0018 23.5963
69.0052 26.284
76.8502 25.6559
81.5152 22.8431
86.8632 28.076
89.556 38.3936
89.832 44.0119
92.9954 40.3453
96.0442 34.7868
95.067 31.0238
95.3889 26.3455
98.0659 23.4377
98.668 21.7396
99.8709 24.6945
100.687 33.9505
96.4298 44.6879
91.6453 55.0289
90.655 62.6964
89.5292 67.7723
83.104 71.0849
73.2818 70.2519
64.6704 69.2391
60.3531 67.2256
58.6745 62.2346
55.8284 57.2961
53.7729 54.7536
53.6797 58.5248
53.7685 69.3874
54.4107 80.9493
57.9691 89.0745
60.2995 93.7975
60.039 95.9408
58.5565 96.2316
57.5062 95.9352
57.9217 95.8087
59.1929 95.9406
64.2504 96.8914
67.4644 99.1997
67.7976 100.414
69.4838 99.6676
69.8346 99.8794
71.0047 99.7025
73.6434 99.2968
69.6715 100.137
56.3105 99.7584
43.8461 97.9089
38.1448 94.384
35.1948 85.9016
33.8577 74.1235
36.0467 64.1287
38.086 58.0998
39.5058 55.2129
44.8346 55.0747
48.8153 56.0299
48.4753 54.6937
48.8657 53.5605
55.2679 53.4102
66.7563 53.3505
76.0749 52.738
81.9213 54.7084
83.5395 63.3499
81.89 69.0793
83.3079 70.9034
88.7116 73.6644
92.2787 76.217
92.754 79.6368
92.4495 82.6549
93.0201 81.5336
96.075 76.0239
99.0051 75.1007
100.369 76.5273
102.248 76.5507
104.563 81.4568
105.142 87.1352
105.855 88.3355
107.695 84.0422
108.503 79.7913
108.783 79.8002
108.757 79.6744
108.197 81.5351
106.774 89.5782
106.237 95.7092
108.132 96.4024
108.858 96.704
107.656 97.2116
107.159 97.6105
108.13 91.3271
106.862 79.0058
104.838 71.7778
104.084 70.3872
104.776 68.3401
106.436 65.5545
105.747 64.1737
104.145 63.2816
103.816 62.6365
103.948 62.8092
103.803 63.3035
103.794 62.9153
103.996 58.2768
103.954 50.43
103.624 44.4257
102.243 40.8738
100.128 40.1983
97.0329 41.6732
91.7513 41.9049
85.5516 40.0322
77.0881 36.385
67.6477 33.3616
61.2213 31.5855
59.5502 29.5223
59.6516 30.1077
59.3743 33.6097
58.36 35.7544
58.2249 36.5707
59.9253 38.3716
59.7075 38.9637
57.161 37.3233
55.4107 32.2019
54.987 27.1337
53.5444 25.9457
51.6862 24.4332
49.2158 22.0907
47.553 19.7712
48.1891 17.1635
52.7994 13.892
57.7577 11.5345
58.0726 10.7155
54.7624 10.0953
51.3248 9.71259
50.4248 8.57133
48.802 7.8954
46.5901 8.4963
45.1947 9.92325
45.0281 10.9883
45.61 11.5296
45.3073 10.5795
45.1352 9.20041
45.2802 11.4173
45.6599 16.0377
49.7892 21.8121
57.6057 29.6074
62.4601 39.5119
62.8464 46.3757
62.9745 47.3096
64.0109 47.9016
62.2915 50.9611
58.6197 55.1729
56.0583 59.1105
54.6709 62.3423
54.7537 64.6425
52.0843 63.8346
46.788 59.7016
44.2926 55.6644
44.5668 54.9305
45.2873 55.1684
45.5149 56.6579
43.3255 61.0318
39.6984 64.457
38.3006 65.9859
41.9259 71.3247
46.1472 78.6071
46.1048 83.2491
47.3537 85.0376
47.5022 86.2355
43.426 87.6756
41.5119 87.8756
42.0704 88.7219
45.6139 87.6542
52.9867 87.5517
55.2149 93.4977
50.3388 99.4687
45.7741 100.892
41.3062 100.221
37.7918 99.2623
36.2378 99.1552
35.1687 99.6737
37.252 100.697
45.9137 99.1403
56.4653 93.6622
60.5194 89.212
62.0364 86.0204
66.8627 81.9179
69.3428 77.9549
69.2107 75.2753
75.3502 74.1136
82.8572 73.4291
81.8505 70.3847
81.3958 66.419
86.1074 67.0536
86.7638 67.3715
85.6202 63.0386
84.4059 58.47
81.4751 57.789
79.3123 58.0818
80.9881 55.5775
87.7441 52.2188
91.8695 50.059
90.0387 49.2549
87.4097 48.3091
86.9028 45.4325
91.7967 39.5985
98.7468 34.0946
103.744 33.0281
105.65 33.4293
103.956 32.0676
101.606 31.7836
99.435 32.8048
99.4066 30.3663
101.653 24.3695
102.408 20.2446
100.819 19.5779
98.7645 19.9536
96.2857 18.4825
94.7063 15.0577
95.2838 14.5243
95.783 16.3506
95.0401 16.6862
93.9476 15.9673
93.3498 16.0075
93.1263 17.3847
91.7769 18.0605
89.645 17.7718
87.6333 14.6939
88.1602 9.45692
91.4819 6.46719
92.6353 5.71021
91.3159 7.00963
89.6053 11.2521
88.8297 17.6082
88.6358 23.2524
85.9824 27.0644
81.449 25.7734
78.5131 20.2513
78.221 17.0923
76.5638 16.6448
74.4878 15.5457
74.174 14.0119
74.6962 14.8643
75.8666 17.9668
72.6788 21.5112
65.7699 22.0665
61.6912 18.4719
61.4098 13.0851
62.8671 9.19059
63.8368 7.96287
62.6633 7.37447
61.2182 7.10621
60.7736 7.49997
61.3204 7.45872
62.0929 7.19567
62.4759 6.73
63.5024 6.29559
64.3929 6.09302
64.547 5.53586
63.5386 5.82051
62.082 6.60094
60.8979 7.22086
61.0454 8.6133
61.9002 10.3961
61.5773 11.7367
60.7588 11.6156
60.6203 11.1412
60.6383 11.103
60.803 11.4309
60.5304 11.2208
58.3625 9.86292
57.4921 9.49929
58.4783 11.5224
60.5039 15.763
62.9866 22.68
59.8914 30.4659
52.3129 31.4392
46.3051 27.144
43.4657 22.3949
42.5799 20.034
40.9678 20.8294
39.2564 20.0956
37.6043 18.3294
35.6763 17.1525
34.4387 15.8484
33.6685 14.0226
32.796 12.558
32.0235 11.7469
31.5069 11.3207
31.6605 11.4867
32.6329 13.5596
34.3935 15.9273
36.4554 19.1582
37.9579 24.7524
38.5483 30.4723
39.0383 36.8044
38.2058 41.3571
35.5486 41.6513
33.0221 42.3601
31.7842 44.4893
34.9299 46.3772
40.3316 51.216
46.0886 54.2896
53.2783 54.159
59.6721 53.6959
64.5868 51.3387
68.4543 48.1305
70.0794 44.1784
69.6002 38.8213
72.4509 34.1598
77.9868 35.1408
78.9041 38.2893
80.5975 38.6146
86.934 43.8286
90.2862 52.9411
91.6931 60.7369
97.6515 66.7514
104.967 67.113
107.135 67.9219
106.91 70.8576
107.437 72.2117
107.411 73.6608
105.862 75.2899
101.286 74.4753
97.6135 72.5912
97.3192 72.3539
98.0016 71.0947
99.2497 68.3924
100.514 66.6649
100.958 66.2013
101.035 66.1625
101.259 66.182
101.157 66.0787
101.064 65.5498
99.9546 66.4916
94.2142 67.7139
87.7917 65.6298
86.2909 63.7095
87.4854 63.409
88.5739 63.566
88.7337 63.7554
88.5952 63.6498
89.4229 63.5432
91.943 62.3662
92.3565 61.9733
89.5569 63.94
88.3216 64.9225
87.7355 64.8053
85.608 69.9207
82.6173 76.0207
82.6358 79.8339
88.2177 84.3533
95.9664 85.1535
99.9928 88.0293
99.8245 94.3154
101.853 96.9998
104.704 98.1632
104.909 98.9802
105.101 98.3399
107.619 95.9111
108.844 89.6137
107.389 81.0378
106.677 73.6
106.082 67.7419
105.297 62.5285
105.329 56.9895
104.042 50.9449
103.189 47.757
103.35 47.6214
102.191 46.6649
101.24 45.8517
101.097 46.464
101.355 47.4496
101.35 49.0484
100.429 50.8531
99.1493 51.7154
98.5087 52.0432
98.4165 52.3302
98.3763 52.6099
97.9267 49.5541
95.1829 46.6548
90.1252 47.8936
85.2462 50.9342
77.3831 56.1109
65.5326 62.394
56.6781 68.9232
49.2551 77.0169
39.4673 85.5786
31.4674 91.4611
30.5602 96.2782
34.5034 99.9296
33.3277 100.92
29.2126 99.1349
26.4261 96.315
24.2968 94.7633
24.0781 94.0976
24.127 93.3987
24.2046 92.9838
23.412 93.4951
21.1847 91.8179
20.9194 88.4771
23.449 86.1101
24.2457 85.5324
22.3358 85.9803
21.9614 86.3588
23.4411 88.9471
24.6348 90.0468
25.3352 88.8639
26.3141 89.5015
27.5603 90.36
28.3361 90.5076
28.9348 90.5869
29.4793 90.2456
29.9586 90.0479
30.1228 90.3501
29.9636 89.7708
29.9401 89.3775
29.5981 89.3428
29.0505 88.9176
28.9519 88.5521
29.1142 88.1055
29.3856 88.0268
29.5901 88.1184
29.5638 87.9079
29.3224 87.7347
27.5345 88.5905
24.8877 91.0459
24.7893 90.6674
26.4794 88.9118
27.6207 88.67
28.3331 88.3568
28.7769 88.0003
28.2674 87.1574
24.3221 85.465
22.7215 84.0661
25.1408 83.9439
26.778 83.6161
28.0917 83.0526
27.6068 83.2857
26.3336 84.2306
25.6037 84.8261
24.776 87.0454
25.355 88.2282
26.7651 87.9797
27.6358 89.0744
28.3061 88.4868
28.7239 87.6043
29.0748 88.0187
28.3937 89.2263
28.2091 90.2992
29.1843 89.9675
29.6959 89.576
29.7282 89.1895
29.2199 88.4511
25.8323 88.4869
19.4072 89.9553
16.0505 88.2061
16.8712 83.4697
17.8547 82.1647
19.4093 83.0735
21.3723 84.9357
22.492 86.0423
22.3966 82.3256
24.438 74.8613
31.3388 68.3495
36.3379 65.4596
39.7366 66.566
45.1319 66.7127
47.5111 64.0061
50.2112 58.9431
55.1028 52.7732
56.9246 49.507
57.4351 47.9769
58.6443 47.3331
58.7374 47.5285
58.8676 48.3716
58.5248 50.4582
56.8509 51.8834
56.0699 52.0144
55.2135 52.3895
54.1411 52.1422
53.8137 51.1073
53.4245 51.482
52.7036 52.5781
52.2221 51.9075
53.2972 47.4409
55.0059 38.3859
56.3883 31.1977
57.3827 27.458
56.2883 25.1258
55.5587 24.9994
56.5261 24.9335
57.1358 25.931
57.9533 28.3785
58.978 30.2965
58.7932 31.1545
58.2285 30.3457
58.2048 25.1921
59.3082 19.4095
60.8145 15.8684
61.6116 13.7505
62.1762 13.7404
62.9103 13.8523
62.4441 14.0538
56.3033 13.2824
50.3285 11.6804
49.7195 12.4993
51.7785 17.1851
57.2536 25.5226
60.6791 34.1207
57.878 40.8672
53.2203 43.328
50.6274 42.2847
50.2386 44.1519
49.3865 46.5723
50.9635 46.3519
56.8499 46.3126
58.6774 49.0259
55.2759 51.1368
47.8256 46.7537
40.5288 40.1513
38.3774 35.4544
36.4761 33.4982
34.7982 32.5373
36.159 35.9596
38.6565 48.2873
42.8807 59.984
50.1245 66.7073
54.6408 69.8267
53.2601 71.5955
52.5994 73.9855
53.2886 76.3786
50.8086 78.2148
50.1905 78.0701
55.8791 71.4943
60.9789 62.3094
65.2853 57.2096
68.0059 52.7583
67.6535 50.3467
73.1901 53.7296
83.1669 60.304
87.2434 68.1251
86.4985 73.236
87.808 71.0679
89.3584 61.6489
94.4428 56.7216
102.998 61.9143
106.646 69.6051
106.731 75.3909
107.986 77.1518
108.788 77.731
108.318 80.0071
108.389 82.3302
108.717 82.7449
108.381 82.9876
107.281 85.9811
106.211 91.6478
105.465 96.7737
104.011 99.0837
102.615 99.992
101.631 100.319
101.924 99.4123
102.806 98.7806
102.899 98.7844
102.885 98.8472
102.778 98.9535
102.347 99.5022
96.8734 96.0535
86.3312 89.4095
79.4461 87.155
78.3377 88.8738
74.4577 90.984
68.7827 90.2188
66.3574 90.0373
64.3501 95.7144
62.3795 99.8689
59.3329 99.8199
57.5177 100.256
56.9302 100.419
52.8375 98.9943
47.437 92.0438
42.6339 79.1722
41.4982 66.7178
44.6073 59.4295
44.7537 56.9128
46.4152 54.1577
54.5692 52.4824
60.5787 51.1152
61.3865 47.7852
61.9729 44.7322
66.575 43.4263
77.0075 45.3093
84.7888 46.1777
85.9511 43.1351
85.8102 41.6558
81.5713 40.8653
74.7706 35.3974
68.894 32.3587
61.8411 35.2104
54.8389 34.3447
50.992 29.647
49.161 27.9629
47.5952 29.1676
46.0514 30.9789
43.6692 32.4451
42.7843 35.3238
42.4755 41.8608
38.6677 47.4605
33.7719 46.9445
31.2191 45.9555
29.7058 43.5958
28.6435 40.7285
28.4774 40.7742
27.848 39.8336
28.3419 38.4754
31.3035 43.4569
34.9711 52.2215
37.1109 58.3142
36.1082 63.212
33.826 65.6833
30.1616 66.2126
26.2893 67.0676
22.6366 66.8821
20.2941 66.8218
19.7248 69.3023
15.8888 74.2856
11.168 80.788
9.58624 84.2878
9.35602 84.8856
10.2921 86.0979
13.6605 88.4093
14.8379 90.8881
14.2565 93.5714
16.3543 95.8682
18.7751 97.1419
23.509 95.1791
30.4117 93.0601
33.1316 90.1941
31.8192 85.6119
29.9984 83.7689
28.4847 80.8899
28.4545 75.8245
29.1555 71.5126
29.44 68.1938
32.1386 67.3692
36.5132 67.3764
37.1878 63.1401
34.7653 57.6089
32.1308 54.8301
30.9355 53.0272
30.8719 51.3712
33.2928 50.5283
37.2257 52.4323
38.3133 53.7921
37.3571 48.1283
38.2471 38.1751
41.4687 30.2865
46.1372 25.9817
49.816 23.4227
50.4642 20.9208
51.4569 19.7881
52.3264 20.3065
50.0395 21.229
46.8986 22.41
45.7081 23.0154
47.377 22.661
53.907 30.262
62.1993 42.2544
68.1502 43.5094
71.3308 39.5544
72.248 35.7337
76.2043 36.9034
79.9644 45.648
80.0045 52.4815
81.2514 53.9172
83.039 50.9071
83.8238 47.3178
83.9204 44.7228
83.7411 44.723
82.7182 49.7851
79.9239 56.1149
77.1201 59.981
76.42 61.6544
74.7343 63.313
66.6524 66.1921
57.8259 68.1864
55.5611 67.9539
55.1496 67.1105
52.0141 64.9808
48.3764 62.8534
45.1975 58.0764
42.8027 51.434
43.1355 48.7955
42.9105 47.0056
41.3763 45.2437
40.2016 45.8677
40.3624 50.8925
41.8316 56.1986
40.679 56.4628
36.0584 53.9456
32.0856 52.4333
29.1114 51.5939
26.8643 47.1107
25.0035 44.3318
23.2914 43.5004
24.8692 37.21
26.0735 32.0767
25.1168 31.2872
23.9796 31.6387
18.4076 30.8534
12.357 27.7379
10.5848 25.9841
10.4323 25.7869
10.5256 24.3661
10.3564 20.2777
9.40075 15.9568
8.20497 13.5265
7.70337 12.477
6.70398 13.0453
5.27364 13.1806
4.94206 17.5265
5.44556 25.7934
6.73931 33.6178
7.08532 38.9272
6.63158 39.3036
6.91138 38.2926
6.96242 37.8607
8.64211 39.6407
11.7221 42.6071
12.9383 45.5603
11.9888 48.5457
12.1765 50.695
14.8117 50.0461
21.2619 48.3384
29.0692 50.2827
31.2457 52.8743
33.187 50.118
39.6428 46.2658
41.9794 42.7838
40.3424 38.9134
39.8579 36.8605
41.3565 35.2744
44.5053 33.2063
47.8855 31.7211
50.1243 30.769
54.3573 30.7476
58.9917 31.5579
59.2533 30.7596
58.1932 28.011
59.0868 26.1846
64.9392 32.5228
72.0021 41.7057
75.8107 47.4196
76.2373 54.2849
75.7958 59.1361
78.1583 61.4137
80.347 66.8572
80.5993 72.7928
81.5126 76.5673
82.8364 80.457
83.6617 83.6229
83.7354 84.1004
85.7133 81.7877
88.778 75.0196
89.5072 68.2267
90.7053 66.6578
91.7086 65.1077
92.0661 62.4653
93.8762 61.8912
97.8444 63.0866
102.603 65.0983
105.865 67.1504
106.534 68.5858
104.555 64.113
105.284 57.9337
106.798 55.6272
105.099 51.9436
103.624 47.8368
102.732 44.6222
101.256 42.0942
101.064 39.4456
100.816 36.5554
99.0339 34.2696
97.4529 32.1674
95.787 30.5825
94.403 29.9134
94.117 29.3683
92.7276 28.3757
90.6472 26.4395
89.2887 23.218
88.3234 20.3676
88.0961 18.257
91.159 14.4604
97.5457 11.7714
100.273 10.6113
98.1134 7.82948
97.3627 5.30213
98.3262 3.93818
98.6078 3.37231
98.7776 3.29969
98.2319 3.85642
96.9499 6.1077
95.5408 13.407
91.7481 22.0686
86.0323 23.1148
82.5551 20.3053
82.3382 20.6561
84.2669 27.4653
81.6606 37.6284
73.5689 41.2258
66.1193 37.7691
60.7501 32.9206
58.7447 28.5401
58.5313 29.9408
58.2023 37.8122
58.7669 44.33
58.3106 47.1533
57.5207 47.7139
59.0231 49.2528
58.9488 52.6403
59.7866 54.7898
67.0995 56.7352
75.2816 60.0112
82.2839 64.3091
89.0971 70.8115
92.9273 75.4384
94.4051 75.7747
95.4238 71.1954
97.4918 66.4932
100.238 67.0937
100.923 69.3406
95.8994 77.4668
88.0886 86.7345
81.8875 89.652
75.5588 90.2725
71.6813 93.3244
72.5106 98.5799
72.1618 100.715
70.0119 100.922
68.8301 99.2999
68.4457 96.7641
68.7197 96.3681
67.1871 98.3922
64.1758 99.9577
62.4174 99.4123
59.2023 96.9793
54.6353 97.0476
51.6313 99.4567
48.5891 100.275
46.8839 100.635
46.547 100.039
45.964 98.881
43.5651 98.1327
39.9907 98.2159
37.445 98.0159
35.0665 97.929
32.6438 98.707
29.6662 99.397
26.1915 97.6152
24.7848 91.5078
26.9164 84.1264
29.5944 79.508
32.8852 78.5061
35.4402 78.1275
38.9253 76.48
45.9355 76.5769
51.9308 73.6567
58.6809 66.9356
65.6023 61.6032
68.8768 57.064
70.2451 53.792
71.006 50.8785
67.9497 46.5803
62.7196 41.292
60.1906 36.845
59.6522 36.51
60.7509 39.3305
61.678 41.2314
61.8997 42.6599
61.7858 43.946
60.7206 44.4604
60.2 44.7928
60.0771 43.8442
58.823 39.0743
57.3988 30.6282
56.4473 22.1457
55.0477 16.9854
52.952 13.6839
52.3047 9.95234
53.3195 7.43003
54.2386 6.95809
55.339 7.12833
54.6901 7.23809
52.347 7.51227
51.7879 9.48633
52.5207 11.3252
52.6228 12.3222
53.2404 13.3131
54.5767 13.2898
54.3978 12.6998
52.1339 10.2341
51.155 8.36063
51.4835 7.96025
51.817 8.21609
53.2868 11.5228
55.3863 14.8184
58.315 15.9334
60.9341 16.0936
61.3882 16.9219
60.9698 19.4571
60.0353 22.0643
59.5421 23.7841
59.102 24.5627
58.0155 24.7286
57.2877 23.5866
56.9457 18.274
60.1381 10.4661
66.1556 5.11451
70.1631 3.77103
72.8975 4.33492
72.6435 4.79996
66.208 8.28828
61.4113 11.9247
61.8293 11.1488
61.5384 10.5845
57.0894 12.7614
49.0814 12.2496
45.2635 11.3609
46.5089 13.9503
47.4255 15.2579
47.0303 14.1855
45.8514 12.1953
45.2885 10.8001
50.1848 11.7291
55.5889 13.9473
57.258 15.0747
59.5397 15.2361
61.0309 15.0914
