21 16 60 58 6 37 54 39 42 15 29 36 0 31 34 14 33 44 62 56 38 1 59 51 53 61 52 55 46 12 2 17 40 19 27 4 48 45 26 24 25 57 41 3 10
55 9 29 12 45 6 10 27 48 43 26 0 7 57 17 4 13 59 15 49 40 62 22 31 61 58 24 46 21 19 5 11 50 37 39 41 25 14 3 60 44 47 33 23 16
57 16 10 33 51 15 12 35 50 20 2 52 5 54 40 53 44 32 45 24 36 30 26 56 13 0 37 28 23 60 11 18 8 7 48 1 6 55 29 4 31 38 49 17 46
27 31 8 58 13 0 44 9 41 20 43 62 45 25 17 55 47 49 57 18 37 50 4 10 23 1 48 61 19 35 54 15 42 29 3 51 36 53 6 33 34 30 5 56 46
52 29 24 54 23 51 17 5 26 40 18 8 4 9 20 55 33 35 2 16 60 50 32 48 36 45 7 62 19 6 46 37 34 53 15 3 49 47 57 25 27 41 22 30 56
49 59 18 32 13 34 19 15 4 21 26 58 0 20 25 5 57 46 39 11 16 60 23 62 17 36 54 55 42 22 48 53 7 24 1 33 31 35 14 12 6 28 30 27 9
28 33 57 16 26 41 24 35 9 25 1 7 55 0 3 46 20 48 49 29 19 42 32 17 6 61 11 12 39 5 10 27 38 14 45 18 51 23 62 36 59 4 2 13 31
5 54 62 15 49 24 13 25 58 9 2 7 21 22 46 35 28 39 11 14 1 59 27 18 48 30 51 43 33 42 45 3 36 29 61 6 40 26 17 32 60 34 31 50 52
61 40 48 1 16 51 17 47 18 57 15 39 53 29 12 4 49 42 19 8 28 52 24 7 10 3 36 45 35 26 41 20 34 14 62 46 59 58 30 0 60 2 22 9 37
39 62 4 47 51 57 0 20 31 43 35 53 27 30 12 16 42 11 46 56 1 18 10 24 17 55 22 58 38 40 32 49 6 13 5 2 28 21 7 14 19 25 45 48 37
