11 58 26 47 12 9 15 61 41 10 22 1 56 27 52 37 2 18 40 39 46 16 55 31 57 59 42 28 30 48 33 24 51 17 14 34 21 4 44 29
20 14 9 61 29 5 45 41 62 2 11 40 59 48 1 46 7 10 17 49 52 39 18 38 60 42 34 4 21 30 31 35 36 54 50 23 28 33 43 8
34 59 60 35 30 29 52 0 42 10 17 8 1 33 46 27 47 2 15 13 7 53 41 44 11 39 5 49 14 40 19 26 6 4 43 37 22 32 61 45
42 21 40 34 13 39 10 58 6 53 50 38 0 60 18 45 51 54 26 20 14 57 4 16 24 9 23 35 15 41 43 22 44 46 25 33 47 12 36 59
62 48 31 1 52 42 16 39 49 46 12 44 19 27 33 22 45 10 3 14 17 50 36 7 4 56 11 29 21 28 13 6 61 26 20 53 32 37 55 41
1 23 22 55 51 0 16 7 6 20 4 36 43 21 25 5 17 10 12 38 60 46 13 47 37 29 9 39 61 49 27 24 33 45 41 59 42 26 54 14
36 55 7 25 51 42 3 20 60 0 58 11 57 1 30 46 14 41 53 28 21 29 19 47 62 35 18 4 22 44 32 34 9 12 43 5 6 31 45 17
43 30 53 2 21 23 58 7 3 39 33 1 0 32 56 42 10 61 47 6 26 60 38 27 51 9 36 46 57 4 62 19 35 49 13 55 11 48 16 54
23 32 0 38 21 42 50 25 47 6 57 7 54 61 9 43 12 1 48 33 4 40 28 26 34 17 55 41 16 2 39 56 8 58 29 60 20 52 3 31
30 10 46 16 19 47 62 21 23 53 36 17 51 3 29 60 57 59 28 44 49 27 9 38 1 55 50 31 48 2 39 41 34 24 32 45 42 56 25 18
