24 21 14 0 42 16 56 9 35 61 4 30 13 57 3 50 5 37 60 26 43 59 29 45 41 53 54 15 28 55 7 25 62 33 12 1 36 39 2 40 58 52 31 6 48 10 46 27 44 34
36 24 20 59 9 39 25 27 60 4 28 30 37 22 45 52 11 6 13 3 31 34 47 23 40 33 61 17 38 2 12 46 56 62 55 48 1 14 42 58 29 15 57 35 44 0 54 16 18 19
59 52 41 51 15 44 14 10 48 43 56 61 21 12 8 37 57 9 4 17 34 1 22 33 13 49 46 39 0 47 55 18 2 6 45 7 3 40 53 60 26 11 23 5 54 31 35 50 16 27
3 48 27 20 15 19 57 10 30 14 8 37 17 41 52 6 28 35 9 47 25 62 1 32 50 43 29 13 59 11 54 61 55 26 18 21 16 53 2 0 12 23 24 36 7 51 45 34 33 60
24 62 14 35 42 4 18 2 3 44 27 28 16 25 60 48 9 50 33 6 21 23 51 30 52 36 55 13 54 40 11 46 29 12 61 7 5 10 59 26 31 22 20 34 45 17 41 19 56 43
1 19 0 36 28 49 13 50 38 55 62 5 46 57 56 15 21 11 52 47 12 17 42 34 29 37 53 18 16 26 30 8 22 43 45 24 39 60 32 48 14 7 23 31 35 4 40 25 33 27
18 25 41 55 56 54 62 58 61 38 30 13 23 24 46 59 48 12 5 60 51 19 0 9 52 39 26 37 44 15 40 31 49 6 4 3 47 27 35 42 2 17 36 22 10 43 16 8 14 50
59 3 34 24 42 4 2 56 25 18 47 20 15 39 11 31 38 61 0 57 62 33 49 44 26 27 51 17 10 37 29 40 9 58 35 54 21 43 7 50 19 1 5 28 48 41 14 45 55 46
39 27 15 20 37 6 16 54 11 9 13 43 18 24 17 59 50 21 46 31 0 53 44 10 4 61 40 29 3 60 28 56 42 34 41 51 32 30 26 2 22 35 12 49 62 7 58 8 23 45
45 43 13 31 12 30 58 18 59 42 14 32 52 20 50 60 3 56 27 47 54 49 10 62 23 6 4 38 34 48 21 33 39 46 19 11 55 15 41 17 57 9 61 24 40 5 1 28 16 0
