20 19 46 58 26 40 27 23 9 21 36 32 8 18 44 28 0 37 53 17 38 61 12 51 57 11 6 54 13 14 47 52 10 59 56 30 1 22 50 45 3 15 34 7 29 35 62 42 55 60 16 4 43 41 39
1 31 24 61 11 52 5 53 18 9 40 59 58 2 3 19 14 51 46 17 62 55 42 37 35 29 15 16 28 49 43 10 48 33 44 60 26 8 6 56 23 34 22 39 4 36 57 41 38 7 0 54 20 25 32
0 20 43 39 32 52 61 22 4 6 24 2 55 21 47 60 26 11 31 62 29 28 16 23 25 8 41 50 59 58 12 1 38 40 10 9 15 18 53 34 3 7 42 37 14 46 19 49 33 48 13 30 44 5 35
26 37 36 24 9 60 62 28 22 6 56 12 4 10 30 29 50 7 2 61 51 31 43 47 39 52 19 33 42 18 3 25 11 54 59 48 5 23 16 1 45 44 15 38 41 8 0 32 40 14 55 21 49 53 34
38 44 55 47 43 33 18 13 7 8 36 45 5 10 41 48 25 61 1 3 35 46 12 24 4 21 29 31 19 53 22 54 17 32 34 0 57 16 2 62 9 14 20 60 51 26 58 11 50 15 42 59 39 28 23
40 29 54 55 53 10 2 31 43 0 56 15 47 5 46 6 3 45 41 1 34 52 7 27 17 32 50 35 48 13 19 51 12 33 39 14 28 30 20 58 23 21 18 37 49 60 9 62 61 38 16 36 44 22 59
13 9 27 16 42 58 47 7 38 0 62 23 26 55 57 54 21 34 40 43 2 10 1 41 59 35 31 19 12 22 49 5 4 44 36 17 46 18 6 52 56 25 51 14 61 60 3 33 39 32 15 37 45 24 53
16 25 17 21 39 44 1 6 53 32 57 15 8 28 27 42 40 5 56 54 23 29 62 47 10 35 45 34 26 0 46 33 14 22 48 18 4 9 50 60 13 51 36 12 55 38 20 31 3 19 52 61 30 11 59
26 46 16 6 35 37 59 40 55 4 53 29 49 25 52 19 47 33 58 44 60 34 45 31 50 24 21 9 13 30 57 38 41 42 18 0 48 51 32 11 8 7 39 22 15 27 5 1 10 54 28 14 56 2 43
6 2 43 33 7 1 58 57 25 21 12 35 10 32 42 29 36 39 13 56 5 9 60 38 24 0 37 15 26 3 41 59 19 55 47 16 46 48 44 54 62 61 8 40 20 18 49 22 34 11 52 14 45 23 27
